Id,Price
725,428216.28742165334
15856,428216.28742165334
5480,423302.01882142597
15664,423302.01882142597
14275,428216.28742165334
7633,423302.01882142597
13329,428216.28742165334
5502,423302.01882142597
4220,423302.01882142597
11538,428216.28742165334
15975,423302.01882142597
3310,428216.28742165334
9286,423302.01882142597
11260,423302.01882142597
5214,428216.28742165334
11307,423302.01882142597
13543,428216.28742165334
615,423302.01882142597
3495,428216.28742165334
2321,423302.01882142597
12046,428216.28742165334
16688,428216.28742165334
12694,428216.28742165334
783,423302.01882142597
8968,428216.28742165334
13454,423302.01882142597
12190,423302.01882142597
11160,428216.28742165334
10291,423302.01882142597
891,423302.01882142597
2982,428216.28742165334
3818,423302.01882142597
2449,428216.28742165334
8317,423302.01882142597
4922,428216.28742165334
1257,428216.28742165334
9348,423302.01882142597
4176,431071.5861728675
10704,423302.01882142597
6624,428216.28742165334
5428,428216.28742165334
12749,423302.01882142597
8994,423302.01882142597
11513,428216.28742165334
3047,428216.28742165334
9519,428216.28742165334
12309,423302.01882142597
14081,423302.01882142597
8334,423302.01882142597
6343,423302.01882142597
14788,428216.28742165334
15748,423302.01882142597
153,423302.01882142597
14149,428216.28742165334
269,423302.01882142597
5452,428216.28742165334
721,423302.01882142597
5079,428216.28742165334
2831,423302.01882142597
10614,428216.28742165334
10131,428216.28742165334
9996,428216.28742165334
3061,423302.01882142597
11733,428216.28742165334
3726,428216.28742165334
10929,423302.01882142597
9011,423302.01882142597
16182,428216.28742165334
4976,423302.01882142597
9897,423302.01882142597
1872,423302.01882142597
9205,423302.01882142597
5403,423302.01882142597
14074,423302.01882142597
6268,428216.28742165334
14232,423302.01882142597
8532,423302.01882142597
7034,423302.01882142597
6553,423302.01882142597
3133,423302.01882142597
8596,423302.01882142597
12389,428216.28742165334
14462,428216.28742165334
8860,423302.01882142597
8377,423302.01882142597
6367,428216.28742165334
6917,423302.01882142597
4216,423302.01882142597
5806,423302.01882142597
5438,428216.28742165334
6632,423302.01882142597
2650,423302.01882142597
5396,428216.28742165334
4044,423302.01882142597
1345,423302.01882142597
856,423302.01882142597
12791,423302.01882142597
12499,428216.28742165334
12249,428216.28742165334
14641,428216.28742165334
1919,423302.01882142597
7848,428216.28742165334
10749,428216.28742165334
15554,423302.01882142597
15834,428216.28742165334
1355,423302.01882142597
15451,428216.28742165334
12401,428216.28742165334
10290,423302.01882142597
9462,423302.01882142597
3103,428216.28742165334
3420,428216.28742165334
12262,428216.28742165334
5032,423302.01882142597
8949,423302.01882142597
15567,423302.01882142597
16389,423302.01882142597
7809,428216.28742165334
8990,428216.28742165334
16089,423302.01882142597
12743,428216.28742165334
5132,428216.28742165334
1619,423302.01882142597
2428,428216.28742165334
16741,423302.01882142597
13193,423302.01882142597
12588,428216.28742165334
5067,423302.01882142597
14685,428216.28742165334
2292,428216.28742165334
5746,428216.28742165334
12578,428216.28742165334
14834,428216.28742165334
2147,423302.01882142597
8222,428216.28742165334
10419,423302.01882142597
11492,423302.01882142597
3006,423302.01882142597
8761,423302.01882142597
15371,423302.01882142597
16367,428216.28742165334
6317,423302.01882142597
10878,423302.01882142597
3895,423302.01882142597
8041,423302.01882142597
13428,423302.01882142597
14669,423302.01882142597
1006,428216.28742165334
12271,428216.28742165334
3764,423302.01882142597
7675,423302.01882142597
11709,423302.01882142597
8629,423302.01882142597
1105,423302.01882142597
6096,428216.28742165334
11727,428216.28742165334
5157,428216.28742165334
3679,423302.01882142597
1755,423302.01882142597
7391,428216.28742165334
7425,428216.28742165334
6882,423302.01882142597
10752,423302.01882142597
7472,423302.01882142597
14320,428216.28742165334
9596,428216.28742165334
5317,423302.01882142597
7378,427583.172889524
16154,428216.28742165334
3464,423302.01882142597
4197,423302.01882142597
9477,428216.28742165334
12705,423302.01882142597
16426,428216.28742165334
1481,427583.172889524
9946,423302.01882142597
12025,423302.01882142597
5341,423302.01882142597
9923,423302.01882142597
7953,428216.28742165334
11066,428216.28742165334
5037,423302.01882142597
2509,423302.01882142597
4937,423302.01882142597
12089,423302.01882142597
4964,423302.01882142597
16500,423302.01882142597
4625,423302.01882142597
2363,423302.01882142597
8148,423302.01882142597
3804,423302.01882142597
4584,428216.28742165334
10694,427583.172889524
2691,423302.01882142597
2983,423302.01882142597
13563,423302.01882142597
10747,428216.28742165334
1721,428216.28742165334
2789,423302.01882142597
7214,423302.01882142597
8659,423302.01882142597
5107,423302.01882142597
3843,423302.01882142597
14610,428216.28742165334
15505,423302.01882142597
5060,423302.01882142597
16055,428216.28742165334
14963,423302.01882142597
4118,428216.28742165334
1672,423302.01882142597
3209,423302.01882142597
16515,428216.28742165334
973,428216.28742165334
12529,423302.01882142597
5896,428216.28742165334
5450,428216.28742165334
3249,423302.01882142597
8911,423302.01882142597
5898,423302.01882142597
1024,428216.28742165334
4766,423302.01882142597
15804,423302.01882142597
14303,428216.28742165334
10707,423302.01882142597
6605,428216.28742165334
1138,423302.01882142597
14088,428216.28742165334
9154,423302.01882142597
8190,423302.01882142597
398,423302.01882142597
13302,423302.01882142597
9696,428216.28742165334
16786,428216.28742165334
16230,423302.01882142597
6552,423302.01882142597
923,423302.01882142597
9602,423302.01882142597
5857,428216.28742165334
8120,423302.01882142597
7134,423302.01882142597
11726,423302.01882142597
8069,428216.28742165334
12420,423302.01882142597
8604,423302.01882142597
4854,428216.28742165334
12212,428216.28742165334
12099,423302.01882142597
3882,423302.01882142597
6995,423302.01882142597
10172,423302.01882142597
11672,423302.01882142597
12897,423302.01882142597
16097,423302.01882142597
6779,423302.01882142597
11199,423302.01882142597
10816,428216.28742165334
143,423302.01882142597
5399,428216.28742165334
3286,428216.28742165334
13706,427583.172889524
1935,423302.01882142597
16000,428216.28742165334
2860,428216.28742165334
11407,423302.01882142597
16378,423302.01882142597
12278,423302.01882142597
3842,423302.01882142597
2692,423302.01882142597
7699,423302.01882142597
6825,423302.01882142597
7268,423302.01882142597
1477,423302.01882142597
9887,428216.28742165334
9436,423302.01882142597
3179,423302.01882142597
1350,423302.01882142597
10643,428216.28742165334
5793,423302.01882142597
11494,423302.01882142597
4206,428216.28742165334
12419,423302.01882142597
8530,423302.01882142597
5985,423302.01882142597
8908,423302.01882142597
256,428216.28742165334
7234,428216.28742165334
5648,423302.01882142597
3014,423302.01882142597
2184,423302.01882142597
9189,423302.01882142597
14884,423302.01882142597
10333,423302.01882142597
15896,423302.01882142597
13269,423302.01882142597
8603,423302.01882142597
15087,428216.28742165334
4344,428216.28742165334
7981,427583.172889524
10908,423302.01882142597
6190,423302.01882142597
11742,428216.28742165334
9224,428216.28742165334
14667,423302.01882142597
458,423302.01882142597
2464,423302.01882142597
12320,423302.01882142597
278,423302.01882142597
2912,423302.01882142597
6698,423302.01882142597
4510,428216.28742165334
4183,423302.01882142597
5551,423302.01882142597
12187,428216.28742165334
7948,423302.01882142597
10808,423302.01882142597
12432,423302.01882142597
5356,423302.01882142597
8984,423302.01882142597
9203,428216.28742165334
15412,428216.28742165334
12041,428216.28742165334
7644,423302.01882142597
7071,423302.01882142597
10685,428216.28742165334
6763,428216.28742165334
940,428216.28742165334
14959,428216.28742165334
1338,428216.28742165334
5351,423302.01882142597
6524,423302.01882142597
12516,423302.01882142597
3288,423302.01882142597
3146,428216.28742165334
3954,423302.01882142597
11955,428216.28742165334
1211,423302.01882142597
15668,423302.01882142597
1320,428216.28742165334
9108,428216.28742165334
16482,423302.01882142597
5017,428216.28742165334
8290,428216.28742165334
4304,423302.01882142597
1930,423302.01882142597
12530,423302.01882142597
11295,423302.01882142597
3002,423302.01882142597
15483,428216.28742165334
11525,423302.01882142597
13978,423302.01882142597
4885,423302.01882142597
8325,428216.28742165334
3630,427583.172889524
9165,423302.01882142597
13945,428216.28742165334
10663,428216.28742165334
14803,428216.28742165334
7621,428216.28742165334
8205,428216.28742165334
10387,428216.28742165334
5457,428216.28742165334
10234,423302.01882142597
6251,428216.28742165334
701,423302.01882142597
7930,423302.01882142597
15028,428216.28742165334
12172,428216.28742165334
5805,423302.01882142597
7411,423302.01882142597
14806,428216.28742165334
7890,423302.01882142597
10440,423302.01882142597
14926,428216.28742165334
5381,428216.28742165334
3800,423302.01882142597
10511,423302.01882142597
9324,423302.01882142597
3313,423302.01882142597
7351,428216.28742165334
8459,423302.01882142597
9957,428216.28742165334
12024,423302.01882142597
4380,428216.28742165334
5042,428216.28742165334
13289,428216.28742165334
13407,423302.01882142597
13258,428216.28742165334
15993,423302.01882142597
12525,423302.01882142597
4062,428216.28742165334
12065,423302.01882142597
8227,423302.01882142597
11333,428216.28742165334
2867,428216.28742165334
3319,423302.01882142597
3523,423302.01882142597
7055,428216.28742165334
14930,423302.01882142597
3444,423302.01882142597
2940,423302.01882142597
6935,423302.01882142597
16116,423302.01882142597
13370,428216.28742165334
6103,423302.01882142597
7446,423302.01882142597
1859,428216.28742165334
4079,423302.01882142597
3228,428216.28742165334
9665,428216.28742165334
15957,428216.28742165334
11533,428216.28742165334
2314,428216.28742165334
4096,428216.28742165334
13437,428216.28742165334
5980,423302.01882142597
2008,423302.01882142597
6754,423302.01882142597
4129,428216.28742165334
14557,423302.01882142597
7096,423302.01882142597
14297,423302.01882142597
3967,423302.01882142597
16485,428216.28742165334
13075,423302.01882142597
14289,428216.28742165334
10988,423302.01882142597
3230,428216.28742165334
13250,423302.01882142597
2559,428216.28742165334
7739,423302.01882142597
7213,428216.28742165334
6639,423302.01882142597
3164,423302.01882142597
15207,423302.01882142597
5113,423302.01882142597
3929,428216.28742165334
14493,423302.01882142597
11110,428216.28742165334
2033,423302.01882142597
16057,428216.28742165334
16709,428216.28742165334
14313,428216.28742165334
1028,423302.01882142597
7187,428216.28742165334
3738,423302.01882142597
9869,423302.01882142597
12644,428216.28742165334
3686,428216.28742165334
9196,423302.01882142597
12326,423302.01882142597
4936,423302.01882142597
13314,423302.01882142597
9857,423302.01882142597
519,423302.01882142597
8410,423302.01882142597
1720,428216.28742165334
10341,423302.01882142597
14415,423302.01882142597
10613,423302.01882142597
8027,428216.28742165334
15539,428216.28742165334
7431,428216.28742165334
1370,428216.28742165334
12708,423302.01882142597
2250,423302.01882142597
14758,428216.28742165334
8525,423302.01882142597
1538,428216.28742165334
1142,428216.28742165334
1152,428216.28742165334
9802,428216.28742165334
3331,423302.01882142597
15203,423302.01882142597
4247,428216.28742165334
1976,423302.01882142597
2346,428216.28742165334
10078,423302.01882142597
1938,423302.01882142597
7819,428216.28742165334
2168,428216.28742165334
15634,423302.01882142597
8465,428216.28742165334
9313,428216.28742165334
6539,428216.28742165334
6325,427583.172889524
13442,428216.28742165334
9967,423302.01882142597
7893,423302.01882142597
2861,423302.01882142597
11031,423302.01882142597
15073,423302.01882142597
13837,423302.01882142597
2524,423302.01882142597
8617,423302.01882142597
13513,423302.01882142597
3081,423302.01882142597
10675,423302.01882142597
1907,427583.172889524
4872,428216.28742165334
16274,428216.28742165334
11837,423302.01882142597
16577,423302.01882142597
5231,423302.01882142597
11315,423302.01882142597
273,428216.28742165334
8363,423302.01882142597
4255,428216.28742165334
16330,423302.01882142597
11528,428216.28742165334
14799,423302.01882142597
1611,423302.01882142597
9234,423302.01882142597
1633,428216.28742165334
6791,428216.28742165334
11567,431071.5861728675
3070,423302.01882142597
12094,428216.28742165334
14335,423302.01882142597
137,423302.01882142597
7182,428216.28742165334
11718,428216.28742165334
5194,428216.28742165334
97,423302.01882142597
5118,423302.01882142597
13920,423302.01882142597
9952,423302.01882142597
15337,423302.01882142597
10243,428216.28742165334
4048,428216.28742165334
171,423302.01882142597
11378,428216.28742165334
14190,428216.28742165334
15265,423302.01882142597
2740,428216.28742165334
5573,423302.01882142597
4481,428216.28742165334
2631,423302.01882142597
4984,423302.01882142597
16466,428216.28742165334
16716,428216.28742165334
15325,423302.01882142597
10115,423302.01882142597
117,423302.01882142597
5476,428216.28742165334
11757,423302.01882142597
12359,428216.28742165334
15546,428216.28742165334
8133,428216.28742165334
9018,423302.01882142597
2075,423302.01882142597
11170,423302.01882142597
15733,423302.01882142597
9280,428216.28742165334
10734,423302.01882142597
14071,423302.01882142597
7373,423302.01882142597
14736,423302.01882142597
3458,423302.01882142597
6183,423302.01882142597
7825,423302.01882142597
16775,428216.28742165334
5717,423302.01882142597
12397,428216.28742165334
8189,428216.28742165334
4423,428216.28742165334
3994,428216.28742165334
10342,423302.01882142597
10051,423302.01882142597
9453,428216.28742165334
12593,423302.01882142597
1274,428216.28742165334
6933,423302.01882142597
1761,428216.28742165334
7157,423302.01882142597
15169,423302.01882142597
6792,423302.01882142597
13830,423302.01882142597
7240,423302.01882142597
3051,423302.01882142597
6550,428216.28742165334
4603,423302.01882142597
5729,423302.01882142597
13473,423302.01882142597
15104,428216.28742165334
6599,423302.01882142597
2216,428216.28742165334
8721,423302.01882142597
3645,428216.28742165334
8664,423302.01882142597
11001,423302.01882142597
753,428216.28742165334
8129,423302.01882142597
15235,423302.01882142597
3359,423302.01882142597
10424,423302.01882142597
10226,423302.01882142597
9252,423302.01882142597
3008,423302.01882142597
5849,423302.01882142597
8494,423302.01882142597
6764,423302.01882142597
12445,423302.01882142597
11716,428216.28742165334
4508,428216.28742165334
5669,423302.01882142597
11427,427583.172889524
11065,423302.01882142597
8910,423302.01882142597
16401,423302.01882142597
11913,428216.28742165334
6221,423302.01882142597
10839,423302.01882142597
2809,428216.28742165334
13311,428216.28742165334
6866,423302.01882142597
6019,423302.01882142597
3024,423302.01882142597
1391,423302.01882142597
15904,423302.01882142597
15858,428216.28742165334
9911,423302.01882142597
16579,423302.01882142597
4394,428216.28742165334
1468,423302.01882142597
12965,423302.01882142597
2249,428216.28742165334
14384,428216.28742165334
13040,423302.01882142597
8872,428216.28742165334
12864,423302.01882142597
15712,428216.28742165334
14049,428216.28742165334
1840,427583.172889524
12019,428216.28742165334
8948,428216.28742165334
15154,428216.28742165334
6943,423302.01882142597
12564,423302.01882142597
12766,428216.28742165334
7255,423302.01882142597
7962,423302.01882142597
709,428216.28742165334
4634,423302.01882142597
889,428216.28742165334
4774,423302.01882142597
13890,423302.01882142597
15431,423302.01882142597
8726,423302.01882142597
10373,428216.28742165334
6413,423302.01882142597
9761,428216.28742165334
15864,428216.28742165334
6147,428216.28742165334
3384,423302.01882142597
320,423302.01882142597
8006,428216.28742165334
14395,428216.28742165334
14976,428216.28742165334
12185,428216.28742165334
4779,428216.28742165334
8551,428216.28742165334
9025,428216.28742165334
10616,428216.28742165334
7475,427583.172889524
6341,423302.01882142597
14163,428216.28742165334
2211,428216.28742165334
10532,423302.01882142597
14338,428216.28742165334
831,423302.01882142597
3382,423302.01882142597
9209,428216.28742165334
7188,423302.01882142597
7197,428216.28742165334
11270,423302.01882142597
15918,423302.01882142597
6937,428216.28742165334
6178,428216.28742165334
10668,423302.01882142597
1413,423302.01882142597
6884,423302.01882142597
8266,423302.01882142597
14019,428216.28742165334
16764,428216.28742165334
15306,428216.28742165334
3740,423302.01882142597
5298,428216.28742165334
8319,428216.28742165334
4229,423302.01882142597
13429,423302.01882142597
1753,428216.28742165334
860,423302.01882142597
14219,423302.01882142597
12113,428216.28742165334
11309,428216.28742165334
9930,423302.01882142597
10570,423302.01882142597
2839,423302.01882142597
6699,428216.28742165334
16647,428216.28742165334
5325,423302.01882142597
13733,423302.01882142597
7818,423302.01882142597
12505,428216.28742165334
9489,423302.01882142597
10106,428216.28742165334
7864,428216.28742165334
5134,423302.01882142597
11859,423302.01882142597
7440,423302.01882142597
1525,423302.01882142597
7339,428216.28742165334
8,423302.01882142597
3248,428216.28742165334
8995,423302.01882142597
15178,427583.172889524
8594,423302.01882142597
15770,423302.01882142597
15859,423302.01882142597
1735,423302.01882142597
11410,423302.01882142597
16397,423302.01882142597
3572,428216.28742165334
5501,428216.28742165334
969,428216.28742165334
6977,428216.28742165334
1233,423302.01882142597
4258,428216.28742165334
90,428216.28742165334
16650,423302.01882142597
197,428216.28742165334
12514,423302.01882142597
4367,428216.28742165334
3199,423302.01882142597
5600,423302.01882142597
11641,428216.28742165334
14609,428216.28742165334
12775,423302.01882142597
14240,428216.28742165334
7933,428216.28742165334
6945,423302.01882142597
14006,428216.28742165334
6320,423302.01882142597
12061,428216.28742165334
16369,428216.28742165334
16354,423302.01882142597
3970,428216.28742165334
1048,428216.28742165334
3639,428216.28742165334
14448,428216.28742165334
2812,423302.01882142597
3932,428216.28742165334
14875,423302.01882142597
8883,428216.28742165334
7622,428216.28742165334
7252,428216.28742165334
9751,423302.01882142597
2378,428216.28742165334
6816,428216.28742165334
15358,423302.01882142597
7843,428216.28742165334
10448,423302.01882142597
7840,428216.28742165334
8880,428216.28742165334
12551,423302.01882142597
15470,423302.01882142597
16207,428216.28742165334
12123,428216.28742165334
15247,423302.01882142597
7481,423302.01882142597
16171,423302.01882142597
7461,423302.01882142597
902,428216.28742165334
13094,423302.01882142597
11584,428216.28742165334
4462,423302.01882142597
15576,428216.28742165334
16606,423302.01882142597
5427,423302.01882142597
7725,423302.01882142597
5409,428216.28742165334
12579,428216.28742165334
12013,428216.28742165334
11321,423302.01882142597
9932,423302.01882142597
591,428216.28742165334
10357,423302.01882142597
3336,423302.01882142597
13,423302.01882142597
4809,428216.28742165334
7555,428216.28742165334
15172,428216.28742165334
6989,428216.28742165334
4707,428216.28742165334
2046,423302.01882142597
6495,428216.28742165334
3873,423302.01882142597
7061,428216.28742165334
12112,428216.28742165334
8917,423302.01882142597
7735,423302.01882142597
16442,428216.28742165334
4244,423302.01882142597
3747,428216.28742165334
11086,423302.01882142597
10080,423302.01882142597
15057,423302.01882142597
1331,423302.01882142597
8891,428216.28742165334
13411,423302.01882142597
16730,423302.01882142597
2267,423302.01882142597
3022,428216.28742165334
11190,428216.28742165334
11857,423302.01882142597
9318,428216.28742165334
16512,423302.01882142597
2053,428216.28742165334
13707,428216.28742165334
12143,423302.01882142597
14080,423302.01882142597
6130,428216.28742165334
7936,427583.172889524
10101,423302.01882142597
5663,428216.28742165334
14811,428216.28742165334
1366,423302.01882142597
908,423302.01882142597
2953,428216.28742165334
14629,423302.01882142597
15096,423302.01882142597
2115,428216.28742165334
11770,423302.01882142597
12701,428216.28742165334
14584,428216.28742165334
1893,423302.01882142597
9501,423302.01882142597
2138,428216.28742165334
9346,423302.01882142597
15960,423302.01882142597
8230,423302.01882142597
13843,423302.01882142597
13810,423302.01882142597
15650,423302.01882142597
9974,428216.28742165334
12200,423302.01882142597
538,423302.01882142597
5334,428216.28742165334
14823,428216.28742165334
4817,423302.01882142597
9041,428216.28742165334
4359,423302.01882142597
4852,423302.01882142597
10141,428216.28742165334
1503,423302.01882142597
16256,423302.01882142597
683,427583.172889524
14382,428216.28742165334
7248,423302.01882142597
1200,423302.01882142597
3563,423302.01882142597
3681,423302.01882142597
3053,423302.01882142597
4099,423302.01882142597
807,428216.28742165334
4658,423302.01882142597
3535,423302.01882142597
12548,423302.01882142597
10488,428216.28742165334
5851,428216.28742165334
13736,428216.28742165334
875,428216.28742165334
14449,423302.01882142597
3958,428216.28742165334
10727,423302.01882142597
11296,428216.28742165334
13646,423302.01882142597
9599,428216.28742165334
7135,428216.28742165334
5943,423302.01882142597
2695,428216.28742165334
6766,423302.01882142597
5630,428216.28742165334
13586,428216.28742165334
3507,423302.01882142597
10014,428216.28742165334
459,423302.01882142597
3582,423302.01882142597
8560,423302.01882142597
3372,423302.01882142597
13109,423302.01882142597
8160,423302.01882142597
10706,423302.01882142597
9104,423302.01882142597
2870,423302.01882142597
13712,423302.01882142597
13924,423302.01882142597
798,423302.01882142597
9750,428216.28742165334
16248,423302.01882142597
3170,423302.01882142597
12700,423302.01882142597
10601,428216.28742165334
514,423302.01882142597
4010,423302.01882142597
8124,428216.28742165334
10800,423302.01882142597
13628,423302.01882142597
11637,428216.28742165334
781,423302.01882142597
16156,428216.28742165334
12618,423302.01882142597
9766,423302.01882142597
15987,423302.01882142597
11051,423302.01882142597
7673,423302.01882142597
1245,428216.28742165334
2443,423302.01882142597
7413,428216.28742165334
310,428216.28742165334
10921,428216.28742165334
8709,427583.172889524
12404,423302.01882142597
14986,428216.28742165334
10714,423302.01882142597
14286,423302.01882142597
13828,423302.01882142597
8926,428216.28742165334
12233,428216.28742165334
3913,423302.01882142597
5221,423302.01882142597
14965,427583.172889524
862,428216.28742165334
13907,428216.28742165334
5418,428216.28742165334
2045,423302.01882142597
13321,423302.01882142597
2762,423302.01882142597
13888,423302.01882142597
14962,428216.28742165334
13305,423302.01882142597
8487,423302.01882142597
7146,423302.01882142597
1134,428216.28742165334
15092,423302.01882142597
13760,423302.01882142597
11958,423302.01882142597
3177,428216.28742165334
11350,423302.01882142597
1524,427583.172889524
5527,423302.01882142597
2872,428216.28742165334
8602,423302.01882142597
3067,428216.28742165334
10435,423302.01882142597
11222,428216.28742165334
8700,428216.28742165334
10961,423302.01882142597
14305,423302.01882142597
8362,423302.01882142597
4979,428216.28742165334
7180,423302.01882142597
5763,428216.28742165334
2192,428216.28742165334
13581,423302.01882142597
10720,428216.28742165334
1358,423302.01882142597
13366,423302.01882142597
13539,423302.01882142597
12849,423302.01882142597
6794,428216.28742165334
525,423302.01882142597
12223,423302.01882142597
16271,428216.28742165334
5818,428216.28742165334
16588,423302.01882142597
8981,428216.28742165334
16476,428216.28742165334
14663,428216.28742165334
3,423302.01882142597
6615,428216.28742165334
12215,423302.01882142597
304,423302.01882142597
13634,423302.01882142597
9208,423302.01882142597
2175,423302.01882142597
250,423302.01882142597
6045,423302.01882142597
10516,428216.28742165334
1852,423302.01882142597
1573,428216.28742165334
15079,428216.28742165334
5500,423302.01882142597
15775,423302.01882142597
3198,423302.01882142597
6718,423302.01882142597
4149,423302.01882142597
9627,423302.01882142597
7595,428216.28742165334
4538,428216.28742165334
3555,423302.01882142597
10483,423302.01882142597
8834,423302.01882142597
16412,428216.28742165334
6449,427583.172889524
2767,423302.01882142597
11498,428216.28742165334
16472,428216.28742165334
178,423302.01882142597
10948,423302.01882142597
13313,428216.28742165334
8065,428216.28742165334
102,423302.01882142597
14428,428216.28742165334
11973,423302.01882142597
6663,431071.5861728675
15989,428216.28742165334
10955,423302.01882142597
11772,428216.28742165334
11364,428216.28742165334
7082,423302.01882142597
7749,423302.01882142597
6428,423302.01882142597
6869,428216.28742165334
295,423302.01882142597
12266,428216.28742165334
11129,423302.01882142597
826,428216.28742165334
3262,423302.01882142597
15641,423302.01882142597
1662,423302.01882142597
10926,428216.28742165334
10232,423302.01882142597
6376,428216.28742165334
7817,423302.01882142597
354,428216.28742165334
10076,423302.01882142597
11379,423302.01882142597
10184,428216.28742165334
4696,423302.01882142597
13562,423302.01882142597
5436,423302.01882142597
13196,428216.28742165334
14939,423302.01882142597
14004,423302.01882142597
5916,428216.28742165334
7229,423302.01882142597
9143,423302.01882142597
3440,423302.01882142597
319,423302.01882142597
11683,423302.01882142597
12647,423302.01882142597
12788,428216.28742165334
13662,428216.28742165334
423,423302.01882142597
5222,428216.28742165334
9242,423302.01882142597
2641,423302.01882142597
4855,423302.01882142597
5360,423302.01882142597
9799,428216.28742165334
5526,423302.01882142597
10309,423302.01882142597
2144,423302.01882142597
7191,423302.01882142597
6732,428216.28742165334
14789,423302.01882142597
13525,423302.01882142597
4066,428216.28742165334
16422,423302.01882142597
14890,423302.01882142597
2922,423302.01882142597
3601,423302.01882142597
13416,428216.28742165334
14363,423302.01882142597
9496,423302.01882142597
7115,423302.01882142597
8615,423302.01882142597
5218,428216.28742165334
9493,428216.28742165334
10623,428216.28742165334
2272,428216.28742165334
3352,428216.28742165334
84,423302.01882142597
8086,423302.01882142597
2595,423302.01882142597
3531,423302.01882142597
7460,428216.28742165334
9214,423302.01882142597
2790,423302.01882142597
10548,423302.01882142597
9218,423302.01882142597
7435,428216.28742165334
15780,423302.01882142597
7640,428216.28742165334
6223,423302.01882142597
3425,428216.28742165334
10582,428216.28742165334
702,423302.01882142597
2111,423302.01882142597
11730,428216.28742165334
9865,423302.01882142597
16478,423302.01882142597
1885,423302.01882142597
3956,423302.01882142597
16735,428216.28742165334
15264,423302.01882142597
15971,428216.28742165334
5584,423302.01882142597
15242,428216.28742165334
14358,428216.28742165334
11300,423302.01882142597
5446,428216.28742165334
3934,423302.01882142597
6610,428216.28742165334
10164,428216.28742165334
4646,428216.28742165334
13304,423302.01882142597
1985,428216.28742165334
4746,428216.28742165334
7963,423302.01882142597
14083,428216.28742165334
13140,423302.01882142597
15023,428216.28742165334
13093,423302.01882142597
7160,428216.28742165334
7407,423302.01882142597
16056,423302.01882142597
751,428216.28742165334
6179,423302.01882142597
9137,423302.01882142597
10992,423302.01882142597
5744,423302.01882142597
10884,428216.28742165334
12858,423302.01882142597
13005,428216.28742165334
16714,428216.28742165334
1419,423302.01882142597
6064,428216.28742165334
3771,423302.01882142597
5945,423302.01882142597
8453,427583.172889524
3806,428216.28742165334
16748,423302.01882142597
11380,428216.28742165334
3107,423302.01882142597
12003,428216.28742165334
14567,428216.28742165334
1079,423302.01882142597
11705,428216.28742165334
7814,423302.01882142597
10174,428216.28742165334
5514,423302.01882142597
5265,423302.01882142597
10520,423302.01882142597
13195,428216.28742165334
14601,423302.01882142597
6012,428216.28742165334
13079,423302.01882142597
9009,428216.28742165334
3122,423302.01882142597
5470,428216.28742165334
4840,423302.01882142597
6270,423302.01882142597
9158,428216.28742165334
10120,428216.28742165334
10672,423302.01882142597
4573,423302.01882142597
12118,423302.01882142597
7447,428216.28742165334
2171,423302.01882142597
6126,428216.28742165334
2836,423302.01882142597
1457,428216.28742165334
11165,423302.01882142597
5923,423302.01882142597
1813,423302.01882142597
3492,423302.01882142597
1917,423302.01882142597
965,423302.01882142597
15795,423302.01882142597
821,423302.01882142597
4568,423302.01882142597
9078,423302.01882142597
11371,423302.01882142597
5149,428216.28742165334
281,423302.01882142597
1918,423302.01882142597
776,428216.28742165334
210,428216.28742165334
10782,428216.28742165334
9653,423302.01882142597
9372,423302.01882142597
5868,423302.01882142597
6176,428216.28742165334
3969,423302.01882142597
7427,428216.28742165334
8544,428216.28742165334
5219,423302.01882142597
16488,428216.28742165334
5855,423302.01882142597
15920,428216.28742165334
4393,423302.01882142597
5770,423302.01882142597
2900,423302.01882142597
8622,427583.172889524
11610,423302.01882142597
10969,428216.28742165334
11029,423302.01882142597
6193,423302.01882142597
14087,423302.01882142597
13623,423302.01882142597
16689,423302.01882142597
1027,423302.01882142597
949,428216.28742165334
672,428216.28742165334
13832,423302.01882142597
2471,423302.01882142597
8728,423302.01882142597
7742,423302.01882142597
2698,423302.01882142597
9084,423302.01882142597
6075,428216.28742165334
2874,423302.01882142597
13119,428216.28742165334
5010,428216.28742165334
1284,423302.01882142597
1151,423302.01882142597
5110,423302.01882142597
11386,428216.28742165334
8019,423302.01882142597
2859,428216.28742165334
16110,428216.28742165334
16027,423302.01882142597
14902,423302.01882142597
14301,423302.01882142597
2451,428216.28742165334
13596,428216.28742165334
1464,428216.28742165334
7927,423302.01882142597
9638,428216.28742165334
8009,423302.01882142597
11903,428216.28742165334
9243,428216.28742165334
547,423302.01882142597
5511,423302.01882142597
11247,423302.01882142597
15928,423302.01882142597
3434,428216.28742165334
7614,423302.01882142597
1380,423302.01882142597
2770,428216.28742165334
111,428216.28742165334
5994,423302.01882142597
12341,428216.28742165334
2787,423302.01882142597
14410,428216.28742165334
15983,428216.28742165334
14876,427583.172889524
653,423302.01882142597
2174,428216.28742165334
2575,428216.28742165334
7976,428216.28742165334
5812,423302.01882142597
13589,423302.01882142597
9122,428216.28742165334
8159,423302.01882142597
8754,423302.01882142597
9321,423302.01882142597
13535,423302.01882142597
2083,423302.01882142597
2689,423302.01882142597
2248,423302.01882142597
11649,423302.01882142597
11045,428216.28742165334
1276,428216.28742165334
5962,428216.28742165334
13012,428216.28742165334
4642,423302.01882142597
179,423302.01882142597
15347,423302.01882142597
3339,428216.28742165334
8166,423302.01882142597
11617,428216.28742165334
52,428216.28742165334
4395,423302.01882142597
2183,423302.01882142597
16045,428216.28742165334
15719,423302.01882142597
9864,423302.01882142597
1903,428216.28742165334
13451,423302.01882142597
3640,428216.28742165334
16551,423302.01882142597
2343,423302.01882142597
10528,423302.01882142597
134,423302.01882142597
13966,423302.01882142597
2366,423302.01882142597
1198,423302.01882142597
12627,428216.28742165334
11623,423302.01882142597
8267,428216.28742165334
56,423302.01882142597
2988,423302.01882142597
8843,428216.28742165334
3043,423302.01882142597
16486,423302.01882142597
1241,423302.01882142597
11180,423302.01882142597
1984,423302.01882142597
7364,423302.01882142597
10769,428216.28742165334
16617,423302.01882142597
9007,423302.01882142597
12953,423302.01882142597
11366,428216.28742165334
16483,423302.01882142597
2326,423302.01882142597
14195,428216.28742165334
3484,423302.01882142597
15257,423302.01882142597
11920,428216.28742165334
1359,428216.28742165334
10353,423302.01882142597
15614,428216.28742165334
15101,428216.28742165334
12755,423302.01882142597
6252,423302.01882142597
7485,423302.01882142597
12603,428216.28742165334
5281,423302.01882142597
10708,423302.01882142597
12563,423302.01882142597
4592,423302.01882142597
3390,423302.01882142597
1986,428216.28742165334
5745,428216.28742165334
14108,423302.01882142597
9693,428216.28742165334
669,423302.01882142597
7320,428216.28742165334
10258,423302.01882142597
507,423302.01882142597
10365,428216.28742165334
9363,423302.01882142597
8736,428216.28742165334
15100,428216.28742165334
13420,428216.28742165334
13248,423302.01882142597
1972,423302.01882142597
9258,428216.28742165334
16455,423302.01882142597
6150,428216.28742165334
6283,428216.28742165334
14979,428216.28742165334
13935,428216.28742165334
4985,428216.28742165334
5393,428216.28742165334
1730,423302.01882142597
14129,423302.01882142597
6254,423302.01882142597
4173,428216.28742165334
4910,423302.01882142597
1297,423302.01882142597
3366,428216.28742165334
6044,423302.01882142597
6259,428216.28742165334
3852,428216.28742165334
8723,423302.01882142597
16109,423302.01882142597
3721,423302.01882142597
13453,423302.01882142597
11962,423302.01882142597
12998,423302.01882142597
6886,423302.01882142597
8200,423302.01882142597
51,423302.01882142597
3930,423302.01882142597
6310,423302.01882142597
6112,428216.28742165334
5135,423302.01882142597
7522,428216.28742165334
9825,428216.28742165334
2411,423302.01882142597
14940,428216.28742165334
15970,428216.28742165334
9894,423302.01882142597
2564,423302.01882142597
7095,423302.01882142597
16754,423302.01882142597
16195,428216.28742165334
1770,423302.01882142597
5363,423302.01882142597
11360,428216.28742165334
13034,423302.01882142597
6542,428216.28742165334
15870,423302.01882142597
217,428216.28742165334
6490,428216.28742165334
6692,423302.01882142597
2235,428216.28742165334
16732,423302.01882142597
11499,423302.01882142597
12617,423302.01882142597
9060,428216.28742165334
12017,427583.172889524
16750,428216.28742165334
12230,428216.28742165334
2158,428216.28742165334
15184,428216.28742165334
2981,428216.28742165334
10281,428216.28742165334
16596,423302.01882142597
6976,423302.01882142597
14680,428216.28742165334
10618,423302.01882142597
271,423302.01882142597
10817,423302.01882142597
1823,423302.01882142597
9549,428216.28742165334
1201,428216.28742165334
2112,428216.28742165334
2951,423302.01882142597
7183,428216.28742165334
11404,428216.28742165334
5473,423302.01882142597
9232,423302.01882142597
3033,428216.28742165334
11002,423302.01882142597
8299,423302.01882142597
15417,423302.01882142597
15612,428216.28742165334
6168,423302.01882142597
13751,423302.01882142597
764,428216.28742165334
12833,428216.28742165334
2009,427583.172889524
1005,428216.28742165334
10740,423302.01882142597
15323,428216.28742165334
9884,423302.01882142597
6185,423302.01882142597
2311,428216.28742165334
7538,423302.01882142597
6256,423302.01882142597
619,423302.01882142597
1968,428216.28742165334
10168,428216.28742165334
10762,423302.01882142597
12392,428216.28742165334
8877,423302.01882142597
2441,428216.28742165334
4974,428216.28742165334
12450,423302.01882142597
15837,423302.01882142597
5260,423302.01882142597
6591,428216.28742165334
11688,423302.01882142597
9940,423302.01882142597
12070,423302.01882142597
12876,428216.28742165334
6858,423302.01882142597
2385,428216.28742165334
3596,423302.01882142597
13540,428216.28742165334
2077,428216.28742165334
5654,428216.28742165334
14029,423302.01882142597
16140,428216.28742165334
13303,423302.01882142597
7289,428216.28742165334
15226,423302.01882142597
3330,423302.01882142597
15642,423302.01882142597
16217,423302.01882142597
7330,428216.28742165334
3894,428216.28742165334
6719,423302.01882142597
13013,423302.01882142597
15835,427583.172889524
10873,423302.01882142597
16379,423302.01882142597
10771,423302.01882142597
13943,428216.28742165334
5139,423302.01882142597
5309,423302.01882142597
14227,423302.01882142597
16292,423302.01882142597
14968,428216.28742165334
13277,423302.01882142597
1731,428216.28742165334
7286,423302.01882142597
7455,423302.01882142597
3250,428216.28742165334
1659,423302.01882142597
15806,423302.01882142597
7491,423302.01882142597
1990,423302.01882142597
7769,428216.28742165334
9694,423302.01882142597
11961,423302.01882142597
4669,428216.28742165334
13826,423302.01882142597
1691,423302.01882142597
3986,428216.28742165334
1407,428216.28742165334
5517,423302.01882142597
8432,423302.01882142597
2214,423302.01882142597
10449,423302.01882142597
2941,423302.01882142597
5944,423302.01882142597
1555,423302.01882142597
6105,428216.28742165334
4453,423302.01882142597
5892,428216.28742165334
5000,423302.01882142597
12995,428216.28742165334
8905,428216.28742165334
11440,423302.01882142597
419,423302.01882142597
4712,428216.28742165334
2094,428216.28742165334
4567,423302.01882142597
10717,423302.01882142597
1248,423302.01882142597
12405,423302.01882142597
8331,423302.01882142597
3113,428216.28742165334
6926,423302.01882142597
6777,423302.01882142597
4060,423302.01882142597
11547,423302.01882142597
15199,423302.01882142597
9282,428216.28742165334
16123,423302.01882142597
14094,423302.01882142597
8770,423302.01882142597
1054,423302.01882142597
11363,428216.28742165334
8756,428216.28742165334
4800,423302.01882142597
7620,428216.28742165334
9101,423302.01882142597
13954,428216.28742165334
13600,423302.01882142597
2893,423302.01882142597
763,428216.28742165334
5347,428216.28742165334
12096,428216.28742165334
16333,423302.01882142597
16432,423302.01882142597
3513,428216.28742165334
13494,423302.01882142597
8690,428216.28742165334
7266,423302.01882142597
3472,423302.01882142597
7021,428216.28742165334
12952,423302.01882142597
2774,423302.01882142597
607,423302.01882142597
6897,428216.28742165334
8220,423302.01882142597
8071,423302.01882142597
7091,423302.01882142597
1805,428216.28742165334
3594,428216.28742165334
13103,423302.01882142597
2203,428216.28742165334
12622,423302.01882142597
13270,423302.01882142597
9461,428216.28742165334
7759,423302.01882142597
4256,423302.01882142597
9093,428216.28742165334
6033,423302.01882142597
7734,423302.01882142597
12368,423302.01882142597
11740,423302.01882142597
9907,428216.28742165334
12398,423302.01882142597
6290,423302.01882142597
2882,423302.01882142597
5091,423302.01882142597
7228,428216.28742165334
5953,423302.01882142597
5707,423302.01882142597
10159,428216.28742165334
7813,423302.01882142597
6463,428216.28742165334
7264,428216.28742165334
5405,423302.01882142597
7543,423302.01882142597
13702,423302.01882142597
5538,423302.01882142597
6762,428216.28742165334
9416,428216.28742165334
10415,423302.01882142597
2139,423302.01882142597
13151,423302.01882142597
10301,428216.28742165334
13273,428216.28742165334
7609,427583.172889524
4884,423302.01882142597
3438,423302.01882142597
2215,423302.01882142597
1723,423302.01882142597
2340,423302.01882142597
3950,423302.01882142597
7312,423302.01882142597
3602,423302.01882142597
12053,428216.28742165334
16240,423302.01882142597
8301,428216.28742165334
14068,423302.01882142597
6216,423302.01882142597
12910,423302.01882142597
7656,423302.01882142597
7854,428216.28742165334
14636,423302.01882142597
12267,423302.01882142597
11334,423302.01882142597
9326,428216.28742165334
5935,423302.01882142597
16132,428216.28742165334
8318,423302.01882142597
5009,423302.01882142597
3883,423302.01882142597
7565,428216.28742165334
7960,423302.01882142597
16736,423302.01882142597
15284,423302.01882142597
4301,428216.28742165334
4273,423302.01882142597
8436,428216.28742165334
2113,423302.01882142597
8469,428216.28742165334
648,428216.28742165334
7526,423302.01882142597
9656,423302.01882142597
516,423302.01882142597
6849,423302.01882142597
7013,423302.01882142597
13741,428216.28742165334
13281,423302.01882142597
12374,423302.01882142597
11855,423302.01882142597
2759,428216.28742165334
6759,427583.172889524
1667,423302.01882142597
5138,423302.01882142597
2452,423302.01882142597
13027,428216.28742165334
2493,428216.28742165334
9899,428216.28742165334
8151,428216.28742165334
5349,428216.28742165334
3926,423302.01882142597
6394,423302.01882142597
11720,428216.28742165334
578,428216.28742165334
4001,428216.28742165334
13504,428216.28742165334
14836,423302.01882142597
1741,423302.01882142597
1278,423302.01882142597
11890,428216.28742165334
1803,423302.01882142597
11418,428216.28742165334
13693,423302.01882142597
7321,423302.01882142597
12575,428216.28742165334
6966,423302.01882142597
16613,423302.01882142597
3148,423302.01882142597
8920,428216.28742165334
13984,428216.28742165334
802,428216.28742165334
13893,428216.28742165334
2495,423302.01882142597
1695,423302.01882142597
14995,423302.01882142597
10890,423302.01882142597
5282,423302.01882142597
13487,423302.01882142597
16615,423302.01882142597
4545,423302.01882142597
14032,428216.28742165334
15707,423302.01882142597
13931,428216.28742165334
946,428216.28742165334
11500,423302.01882142597
10220,423302.01882142597
2604,423302.01882142597
10761,423302.01882142597
10982,423302.01882142597
11729,423302.01882142597
8152,423302.01882142597
5323,423302.01882142597
9448,428216.28742165334
14935,423302.01882142597
385,423302.01882142597
7039,423302.01882142597
9366,428216.28742165334
15823,423302.01882142597
8993,428216.28742165334
1282,423302.01882142597
437,428216.28742165334
11011,428216.28742165334
10104,428216.28742165334
16321,423302.01882142597
11188,428216.28742165334
14291,428216.28742165334
7781,423302.01882142597
1203,428216.28742165334
3731,428216.28742165334
9037,428216.28742165334
12937,428216.28742165334
5196,428216.28742165334
1746,423302.01882142597
6345,423302.01882142597
7950,428216.28742165334
11552,428216.28742165334
11950,428216.28742165334
4805,423302.01882142597
9152,423302.01882142597
555,423302.01882142597
6765,428216.28742165334
8515,428216.28742165334
13915,423302.01882142597
16036,428216.28742165334
16625,428216.28742165334
11870,423302.01882142597
3304,423302.01882142597
9636,423302.01882142597
5232,423302.01882142597
8878,423302.01882142597
2756,428216.28742165334
5140,428216.28742165334
375,428216.28742165334
7149,423302.01882142597
16353,423302.01882142597
15742,423302.01882142597
5957,423302.01882142597
12580,428216.28742165334
10409,428216.28742165334
13766,423302.01882142597
7778,423302.01882142597
9028,428216.28742165334
14213,423302.01882142597
12691,428216.28742165334
1658,423302.01882142597
15352,428216.28742165334
10670,428216.28742165334
14260,423302.01882142597
8870,423302.01882142597
12054,428216.28742165334
9386,423302.01882142597
14378,428216.28742165334
2080,423302.01882142597
12729,423302.01882142597
932,428216.28742165334
3149,428216.28742165334
245,423302.01882142597
6334,423302.01882142597
11684,423302.01882142597
5099,428216.28742165334
1828,428216.28742165334
13464,428216.28742165334
4023,428216.28742165334
6563,423302.01882142597
13207,428216.28742165334
14075,423302.01882142597
5722,428216.28742165334
2308,423302.01882142597
8169,423302.01882142597
3341,428216.28742165334
7693,427583.172889524
2549,423302.01882142597
11576,423302.01882142597
8010,423302.01882142597
605,423302.01882142597
1580,423302.01882142597
1588,423302.01882142597
15197,423302.01882142597
190,428216.28742165334
12488,423302.01882142597
12254,423302.01882142597
3991,428216.28742165334
5076,423302.01882142597
3214,428216.28742165334
2348,423302.01882142597
13573,423302.01882142597
14296,428216.28742165334
4207,423302.01882142597
6529,423302.01882142597
16043,428216.28742165334
2508,428216.28742165334
12297,423302.01882142597
10012,428216.28742165334
1874,428216.28742165334
8451,428216.28742165334
16108,423302.01882142597
7200,423302.01882142597
859,423302.01882142597
8415,428216.28742165334
1649,427583.172889524
6269,423302.01882142597
8350,423302.01882142597
10978,428216.28742165334
16751,428216.28742165334
10133,423302.01882142597
11908,423302.01882142597
15627,428216.28742165334
14923,428216.28742165334
3669,423302.01882142597
8316,428216.28742165334
5702,428216.28742165334
3480,423302.01882142597
11965,423302.01882142597
5869,428216.28742165334
11147,428216.28742165334
6505,428216.28742165334
13797,423302.01882142597
14915,428216.28742165334
8221,423302.01882142597
5873,423302.01882142597
13900,423302.01882142597
13804,428216.28742165334
994,423302.01882142597
2118,423302.01882142597
15158,423302.01882142597
9898,428216.28742165334
3509,423302.01882142597
10228,428216.28742165334
12409,423302.01882142597
9260,423302.01882142597
11462,423302.01882142597
3265,423302.01882142597
54,423302.01882142597
9316,423302.01882142597
16208,423302.01882142597
16582,428216.28742165334
6338,423302.01882142597
699,423302.01882142597
3396,423302.01882142597
13995,428216.28742165334
8971,423302.01882142597
6068,423302.01882142597
7020,423302.01882142597
14015,428216.28742165334
4172,423302.01882142597
12959,423302.01882142597
5659,423302.01882142597
14766,428216.28742165334
14402,428216.28742165334
6611,423302.01882142597
3213,423302.01882142597
13306,423302.01882142597
5966,423302.01882142597
3685,423302.01882142597
10994,428216.28742165334
13564,428216.28742165334
6507,423302.01882142597
3196,428216.28742165334
1771,423302.01882142597
13367,423302.01882142597
1529,423302.01882142597
11128,428216.28742165334
11948,428216.28742165334
3798,423302.01882142597
11443,423302.01882142597
15581,428216.28742165334
15056,423302.01882142597
5114,423302.01882142597
12195,428216.28742165334
2044,423302.01882142597
13169,428216.28742165334
15180,428216.28742165334
15543,423302.01882142597
3770,428216.28742165334
772,423302.01882142597
990,423302.01882142597
5567,423302.01882142597
10805,423302.01882142597
3951,423302.01882142597
9484,428216.28742165334
3867,423302.01882142597
15605,423302.01882142597
3805,423302.01882142597
7254,423302.01882142597
2179,423302.01882142597
12745,428216.28742165334
16545,423302.01882142597
7310,423302.01882142597
8539,428216.28742165334
222,428216.28742165334
14084,423302.01882142597
15453,428216.28742165334
12318,423302.01882142597
7368,423302.01882142597
4027,423302.01882142597
4106,423302.01882142597
506,423302.01882142597
1995,423302.01882142597
7165,423302.01882142597
12615,423302.01882142597
16792,428216.28742165334
221,423302.01882142597
9710,428216.28742165334
4364,428216.28742165334
3379,423302.01882142597
8954,423302.01882142597
16630,423302.01882142597
9624,423302.01882142597
6967,423302.01882142597
8070,428216.28742165334
933,423302.01882142597
8155,428216.28742165334
6771,428216.28742165334
16477,423302.01882142597
675,423302.01882142597
7201,423302.01882142597
8254,428216.28742165334
11325,423302.01882142597
14018,423302.01882142597
5190,423302.01882142597
5505,428216.28742165334
2886,423302.01882142597
6941,428216.28742165334
2668,423302.01882142597
13831,428216.28742165334
11036,423302.01882142597
13691,428216.28742165334
2007,423302.01882142597
6442,428216.28742165334
10010,428216.28742165334
3259,423302.01882142597
14013,423302.01882142597
2261,423302.01882142597
4110,423302.01882142597
13293,428216.28742165334
14931,428216.28742165334
12293,427583.172889524
16398,423302.01882142597
7132,423302.01882142597
2780,428216.28742165334
5700,423302.01882142597
8186,428216.28742165334
7031,428216.28742165334
11269,423302.01882142597
632,428216.28742165334
6330,423302.01882142597
10905,428216.28742165334
6313,428216.28742165334
13396,423302.01882142597
13414,428216.28742165334
4270,428216.28742165334
926,428216.28742165334
11452,427583.172889524
16228,423302.01882142597
1781,428216.28742165334
16492,423302.01882142597
14594,423302.01882142597
4485,423302.01882142597
8306,423302.01882142597
2071,423302.01882142597
9895,428216.28742165334
10544,423302.01882142597
11253,423302.01882142597
15213,423302.01882142597
2990,428216.28742165334
4518,423302.01882142597
2766,428216.28742165334
3275,423302.01882142597
14971,423302.01882142597
14863,428216.28742165334
1352,423302.01882142597
3423,423302.01882142597
13021,423302.01882142597
10489,428216.28742165334
12055,428216.28742165334
13089,428216.28742165334
16275,423302.01882142597
4272,423302.01882142597
3204,423302.01882142597
863,423302.01882142597
3289,428216.28742165334
9557,423302.01882142597
14381,423302.01882142597
15208,423302.01882142597
8030,428216.28742165334
8080,428216.28742165334
9876,423302.01882142597
5571,428216.28742165334
5439,423302.01882142597
10689,423302.01882142597
9919,423302.01882142597
7348,423302.01882142597
11686,423302.01882142597
16643,423302.01882142597
164,428216.28742165334
15912,428216.28742165334
14237,423302.01882142597
7965,423302.01882142597
9778,431071.5861728675
14321,428216.28742165334
10617,428216.28742165334
12007,423302.01882142597
1415,428216.28742165334
12912,423302.01882142597
12062,423302.01882142597
7762,423302.01882142597
4381,423302.01882142597
7986,423302.01882142597
10647,428216.28742165334
13452,423302.01882142597
230,423302.01882142597
9285,428216.28742165334
4221,428216.28742165334
16384,428216.28742165334
14645,423302.01882142597
778,428216.28742165334
6633,423302.01882142597
15137,428216.28742165334
62,423302.01882142597
10606,428216.28742165334
7791,428216.28742165334
4161,423302.01882142597
5553,423302.01882142597
9433,427583.172889524
7363,423302.01882142597
10162,428216.28742165334
9568,423302.01882142597
9901,423302.01882142597
8047,428216.28742165334
12954,428216.28742165334
12479,423302.01882142597
3357,423302.01882142597
15088,428216.28742165334
163,428216.28742165334
988,423302.01882142597
5877,423302.01882142597
1683,423302.01882142597
5206,427583.172889524
11155,423302.01882142597
15339,423302.01882142597
1590,428216.28742165334
11100,428216.28742165334
11216,423302.01882142597
1624,423302.01882142597
6113,423302.01882142597
2181,423302.01882142597
1023,423302.01882142597
8673,428216.28742165334
1646,428216.28742165334
11608,428216.28742165334
5988,423302.01882142597
14354,428216.28742165334
6369,428216.28742165334
15936,428216.28742165334
13240,423302.01882142597
3481,423302.01882142597
3479,423302.01882142597
1698,423302.01882142597
13154,423302.01882142597
7802,428216.28742165334
9702,428216.28742165334
12895,423302.01882142597
5728,428216.28742165334
10793,428216.28742165334
13529,423302.01882142597
746,428216.28742165334
2610,428216.28742165334
10932,428216.28742165334
15350,423302.01882142597
15692,428216.28742165334
5484,423302.01882142597
15608,428216.28742165334
5253,423302.01882142597
1686,428216.28742165334
10624,428216.28742165334
267,423302.01882142597
3295,423302.01882142597
9481,423302.01882142597
732,423302.01882142597
10022,423302.01882142597
6135,423302.01882142597
7224,423302.01882142597
14887,428216.28742165334
7382,423302.01882142597
3242,428216.28742165334
3106,423302.01882142597
14678,423302.01882142597
6626,428216.28742165334
6576,423302.01882142597
9008,423302.01882142597
2931,423302.01882142597
10023,423302.01882142597
14964,423302.01882142597
796,428216.28742165334
5169,428216.28742165334
1814,428216.28742165334
7372,423302.01882142597
13672,428216.28742165334
4124,423302.01882142597
1095,428216.28742165334
15950,427583.172889524
817,423302.01882142597
15779,428216.28742165334
11506,428216.28742165334
8689,423302.01882142597
10077,423302.01882142597
10514,428216.28742165334
2198,423302.01882142597
8005,428216.28742165334
625,423302.01882142597
9420,423302.01882142597
10350,428216.28742165334
14494,423302.01882142597
11615,423302.01882142597
93,423302.01882142597
950,423302.01882142597
3325,428216.28742165334
14459,428216.28742165334
16531,427583.172889524
11228,428216.28742165334
11761,428216.28742165334
12629,423302.01882142597
10339,428216.28742165334
12203,423302.01882142597
16744,423302.01882142597
2786,423302.01882142597
316,428216.28742165334
11424,428216.28742165334
8021,428216.28742165334
12679,423302.01882142597
1871,428216.28742165334
5767,423302.01882142597
4047,423302.01882142597
16235,423302.01882142597
10604,423302.01882142597
1510,423302.01882142597
854,423302.01882142597
1860,423302.01882142597
1593,427583.172889524
381,428216.28742165334
10375,423302.01882142597
15149,423302.01882142597
11375,423302.01882142597
3912,423302.01882142597
12097,423302.01882142597
16743,428216.28742165334
146,428216.28742165334
5308,423302.01882142597
4125,428216.28742165334
7671,423302.01882142597
12609,428216.28742165334
4353,428216.28742165334
6287,423302.01882142597
2264,423302.01882142597
3457,423302.01882142597
12935,428216.28742165334
8958,423302.01882142597
4532,428216.28742165334
14857,423302.01882142597
11376,423302.01882142597
13713,423302.01882142597
181,423302.01882142597
10858,428216.28742165334
5160,428216.28742165334
6642,428216.28742165334
9312,423302.01882142597
7736,423302.01882142597
4326,428216.28742165334
1802,423302.01882142597
16115,423302.01882142597
16787,423302.01882142597
7107,423302.01882142597
6902,423302.01882142597
8950,423302.01882142597
9922,428216.28742165334
11453,423302.01882142597
10033,423302.01882142597
12131,423302.01882142597
11879,423302.01882142597
8986,428216.28742165334
82,423302.01882142597
7664,428216.28742165334
11116,423302.01882142597
14096,428216.28742165334
11577,423302.01882142597
1908,428216.28742165334
3658,428216.28742165334
6148,423302.01882142597
1324,428216.28742165334
8792,428216.28742165334
5883,423302.01882142597
15245,423302.01882142597
16382,428216.28742165334
2131,423302.01882142597
7581,428216.28742165334
11488,423302.01882142597
6091,423302.01882142597
7295,428216.28742165334
6427,428216.28742165334
4558,427583.172889524
14436,423302.01882142597
8373,428216.28742165334
917,423302.01882142597
9837,423302.01882142597
5619,423302.01882142597
4530,428216.28742165334
11486,423302.01882142597
8575,423302.01882142597
3540,423302.01882142597
4509,428216.28742165334
4709,423302.01882142597
10148,423302.01882142597
11077,423302.01882142597
609,423302.01882142597
14733,423302.01882142597
10609,423302.01882142597
3616,428216.28742165334
8805,428216.28742165334
13799,428216.28742165334
5886,423302.01882142597
15836,428216.28742165334
11792,428216.28742165334
9404,428216.28742165334
6456,431071.5861728675
2569,428216.28742165334
16727,428216.28742165334
12353,428216.28742165334
9841,423302.01882142597
2725,428216.28742165334
3388,423302.01882142597
9476,423302.01882142597
13550,428216.28742165334
11934,423302.01882142597
3375,423302.01882142597
2932,423302.01882142597
9972,428216.28742165334
876,423302.01882142597
13649,428216.28742165334
13444,423302.01882142597
12748,428216.28742165334
2003,423302.01882142597
2376,423302.01882142597
15961,428216.28742165334
1221,423302.01882142597
7064,423302.01882142597
7799,423302.01882142597
4549,423302.01882142597
11061,423302.01882142597
2132,428216.28742165334
10692,423302.01882142597
14546,428216.28742165334
11088,428216.28742165334
4819,423302.01882142597
13682,428216.28742165334
7127,423302.01882142597
6245,428216.28742165334
10845,423302.01882142597
3285,428216.28742165334
11384,428216.28742165334
10897,423302.01882142597
8533,428216.28742165334
15341,423302.01882142597
3821,423302.01882142597
14130,428216.28742165334
4306,423302.01882142597
113,428216.28742165334
14997,423302.01882142597
1482,428216.28742165334
14780,423302.01882142597
997,428216.28742165334
7991,423302.01882142597
15592,423302.01882142597
11143,428216.28742165334
12472,428216.28742165334
13991,423302.01882142597
13399,423302.01882142597
2588,423302.01882142597
14274,428216.28742165334
11491,423302.01882142597
4755,428216.28742165334
7939,423302.01882142597
1779,423302.01882142597
11924,428216.28742165334
12713,428216.28742165334
12486,423302.01882142597
13149,423302.01882142597
4847,423302.01882142597
7638,423302.01882142597
15228,423302.01882142597
10069,423302.01882142597
2219,423302.01882142597
956,423302.01882142597
13680,428216.28742165334
106,428216.28742165334
13101,428216.28742165334
7540,423302.01882142597
16138,428216.28742165334
4890,423302.01882142597
13752,423302.01882142597
14622,428216.28742165334
7871,423302.01882142597
3957,428216.28742165334
9987,423302.01882142597
8884,423302.01882142597
11715,423302.01882142597
10612,427583.172889524
12945,423302.01882142597
5034,428216.28742165334
4463,423302.01882142597
3476,423302.01882142597
4846,423302.01882142597
2372,423302.01882142597
2873,428216.28742165334
512,428216.28742165334
16198,423302.01882142597
9155,423302.01882142597
16464,427583.172889524
6904,423302.01882142597
3151,423302.01882142597
1816,423302.01882142597
16214,423302.01882142597
6264,423302.01882142597
254,423302.01882142597
5848,428216.28742165334
4357,423302.01882142597
14265,423302.01882142597
12235,428216.28742165334
11342,428216.28742165334
6679,427583.172889524
5377,428216.28742165334
7636,428216.28742165334
12798,423302.01882142597
16349,428216.28742165334
3028,423302.01882142597
12810,428216.28742165334
15064,428216.28742165334
13801,428216.28742165334
13387,428216.28742165334
371,428216.28742165334
1161,428216.28742165334
14593,428216.28742165334
12144,423302.01882142597
5555,423302.01882142597
13493,423302.01882142597
11130,423302.01882142597
8658,428216.28742165334
6491,428216.28742165334
303,423302.01882142597
1897,423302.01882142597
9583,428216.28742165334
4515,423302.01882142597
1411,423302.01882142597
8534,423302.01882142597
7227,423302.01882142597
13478,423302.01882142597
7546,423302.01882142597
2798,428216.28742165334
10267,423302.01882142597
4519,428216.28742165334
12184,428216.28742165334
1895,428216.28742165334
13019,423302.01882142597
8845,428216.28742165334
1929,428216.28742165334
1966,428216.28742165334
5268,428216.28742165334
11402,423302.01882142597
13503,423302.01882142597
14413,423302.01882142597
15419,428216.28742165334
11573,428216.28742165334
270,428216.28742165334
9733,423302.01882142597
2729,423302.01882142597
10123,423302.01882142597
9331,428216.28742165334
4342,423302.01882142597
4248,423302.01882142597
446,428216.28742165334
6677,423302.01882142597
8324,423302.01882142597
9666,423302.01882142597
7303,423302.01882142597
2710,423302.01882142597
3334,423302.01882142597
11464,423302.01882142597
12220,423302.01882142597
14064,423302.01882142597
14350,428216.28742165334
2858,428216.28742165334
13014,423302.01882142597
13732,423302.01882142597
3371,423302.01882142597
5912,428216.28742165334
5881,428216.28742165334
6199,423302.01882142597
7344,423302.01882142597
6180,423302.01882142597
3343,426749.2227011696
12103,428216.28742165334
5177,423302.01882142597
7000,423302.01882142597
3990,428216.28742165334
11689,423302.01882142597
5624,423302.01882142597
7497,427583.172889524
618,428216.28742165334
6909,428216.28742165334
3346,423302.01882142597
12521,423302.01882142597
11871,423302.01882142597
10610,423302.01882142597
14869,428216.28742165334
2268,428216.28742165334
12058,423302.01882142597
12426,428216.28742165334
10662,423302.01882142597
12512,428216.28742165334
14852,428216.28742165334
10876,423302.01882142597
7720,423302.01882142597
4334,427583.172889524
12275,428216.28742165334
12228,423302.01882142597
3715,428216.28742165334
9534,423302.01882142597
2333,423302.01882142597
15628,423302.01882142597
5043,423302.01882142597
16704,423302.01882142597
2891,428216.28742165334
14478,423302.01882142597
4429,423302.01882142597
5929,428216.28742165334
1845,423302.01882142597
3001,423302.01882142597
6741,428216.28742165334
2202,428216.28742165334
15490,428216.28742165334
3752,428216.28742165334
4620,423302.01882142597
12795,428216.28742165334
2662,423302.01882142597
12845,428216.28742165334
5604,423302.01882142597
4861,428216.28742165334
8100,428216.28742165334
15990,423302.01882142597
6561,423302.01882142597
14107,428216.28742165334
6274,428216.28742165334
4428,428216.28742165334
3184,423302.01882142597
9247,423302.01882142597
15016,423302.01882142597
6009,423302.01882142597
3190,423302.01882142597
3386,428216.28742165334
11984,423302.01882142597
16215,423302.01882142597
5506,428216.28742165334
10016,423302.01882142597
15394,428216.28742165334
15724,423302.01882142597
9409,423302.01882142597
12634,423302.01882142597
14316,431071.5861728675
8675,428216.28742165334
15231,428216.28742165334
3236,423302.01882142597
10087,423302.01882142597
5018,428216.28742165334
2728,423302.01882142597
8092,423302.01882142597
10698,428216.28742165334
5859,423302.01882142597
4198,428216.28742165334
861,423302.01882142597
7990,428216.28742165334
4009,423302.01882142597
10964,423302.01882142597
2114,423302.01882142597
1139,428216.28742165334
13921,423302.01882142597
15030,428216.28742165334
2122,428216.28742165334
1602,423302.01882142597
15032,423302.01882142597
5694,428216.28742165334
14026,428216.28742165334
1132,423302.01882142597
15469,423302.01882142597
10223,428216.28742165334
3303,428216.28742165334
12655,428216.28742165334
16151,423302.01882142597
14649,423302.01882142597
9533,423302.01882142597
2229,428216.28742165334
7652,423302.01882142597
14523,428216.28742165334
12991,423302.01882142597
4539,428216.28742165334
395,428216.28742165334
4853,423302.01882142597
12082,428216.28742165334
1406,423302.01882142597
7788,423302.01882142597
2143,428216.28742165334
11089,428216.28742165334
16693,428216.28742165334
14701,428216.28742165334
13689,423302.01882142597
4262,428216.28742165334
1046,423302.01882142597
12001,423302.01882142597
10729,426749.2227011696
11822,423302.01882142597
9132,423302.01882142597
14150,423302.01882142597
15217,428216.28742165334
4752,423302.01882142597
5875,423302.01882142597
7873,423302.01882142597
16046,423302.01882142597
321,423302.01882142597
15077,423302.01882142597
9148,428216.28742165334
10272,423302.01882142597
9490,428216.28742165334
5856,428216.28742165334
2436,423302.01882142597
526,423302.01882142597
9067,427583.172889524
1166,428216.28742165334
13029,423302.01882142597
8264,423302.01882142597
13499,428216.28742165334
14681,431071.5861728675
10625,423302.01882142597
13668,423302.01882142597
4126,428216.28742165334
1527,423302.01882142597
12829,428216.28742165334
6074,428216.28742165334
16629,423302.01882142597
3231,428216.28742165334
6218,428216.28742165334
15050,423302.01882142597
16053,423302.01882142597
16745,428216.28742165334
11336,427583.172889524
1318,428216.28742165334
7424,423302.01882142597
8102,423302.01882142597
5468,423302.01882142597
9942,428216.28742165334
1001,423302.01882142597
6010,423302.01882142597
7766,423302.01882142597
10266,427583.172889524
3139,423302.01882142597
4759,423302.01882142597
6760,428216.28742165334
5682,423302.01882142597
1648,423302.01882142597
10363,423302.01882142597
7551,428216.28742165334
12901,428216.28742165334
7938,423302.01882142597
15709,423302.01882142597
9663,428216.28742165334
14868,423302.01882142597
7617,423302.01882142597
5755,423302.01882142597
11519,423302.01882142597
6954,428216.28742165334
7463,423302.01882142597
138,428216.28742165334
1499,428216.28742165334
14579,428216.28742165334
30,428216.28742165334
6991,428216.28742165334
16283,423302.01882142597
15305,423302.01882142597
12736,428216.28742165334
1506,423302.01882142597
4302,428216.28742165334
8170,423302.01882142597
14230,423302.01882142597
14438,423302.01882142597
15974,423302.01882142597
3263,423302.01882142597
11227,423302.01882142597
9355,428216.28742165334
326,428216.28742165334
13155,428216.28742165334
13238,428216.28742165334
2785,423302.01882142597
7047,428216.28742165334
4222,423302.01882142597
14734,428216.28742165334
4224,428216.28742165334
11259,428216.28742165334
6174,428216.28742165334
14057,428216.28742165334
5181,428216.28742165334
5926,423302.01882142597
193,428216.28742165334
12528,428216.28742165334
5128,423302.01882142597
13462,423302.01882142597
5845,428216.28742165334
6872,428216.28742165334
8821,423302.01882142597
5106,423302.01882142597
8164,423302.01882142597
5679,428216.28742165334
2985,428216.28742165334
2106,428216.28742165334
12494,423302.01882142597
15150,428216.28742165334
187,423302.01882142597
15095,428216.28742165334
15289,428216.28742165334
497,428216.28742165334
10048,423302.01882142597
15012,423302.01882142597
11229,423302.01882142597
15927,423302.01882142597
12092,423302.01882142597
11174,428216.28742165334
13967,428216.28742165334
6693,428216.28742165334
92,423302.01882142597
13961,428216.28742165334
16220,423302.01882142597
13333,423302.01882142597
7730,428216.28742165334
15250,423302.01882142597
16392,428216.28742165334
14544,423302.01882142597
7261,423302.01882142597
16105,423302.01882142597
2984,428216.28742165334
3162,428216.28742165334
2260,423302.01882142597
7004,423302.01882142597
452,423302.01882142597
7828,423302.01882142597
626,423302.01882142597
4583,423302.01882142597
3725,428216.28742165334
5894,423302.01882142597
3316,428216.28742165334
6887,428216.28742165334
2492,423302.01882142597
9133,428216.28742165334
15655,423302.01882142597
12639,423302.01882142597
3848,428216.28742165334
11820,428216.28742165334
15254,428216.28742165334
10750,428216.28742165334
1156,423302.01882142597
2910,423302.01882142597
8591,423302.01882142597
14247,423302.01882142597
1425,428216.28742165334
16660,423302.01882142597
1837,423302.01882142597
6461,423302.01882142597
2580,423302.01882142597
1052,428216.28742165334
577,423302.01882142597
2825,428216.28742165334
2746,423302.01882142597
2291,423302.01882142597
10962,423302.01882142597
8547,423302.01882142597
10019,423302.01882142597
756,423302.01882142597
1709,423302.01882142597
9076,423302.01882142597
3211,423302.01882142597
2535,423302.01882142597
10943,423302.01882142597
4830,428216.28742165334
9928,428216.28742165334
16143,428216.28742165334
16784,423302.01882142597
16434,423302.01882142597
436,423302.01882142597
1226,423302.01882142597
1259,423302.01882142597
15299,428216.28742165334
4343,428216.28742165334
14661,428216.28742165334
1988,423302.01882142597
10173,428216.28742165334
11746,423302.01882142597
8412,428216.28742165334
9281,423302.01882142597
6246,428216.28742165334
5440,423302.01882142597
15301,428216.28742165334
1223,428216.28742165334
2714,423302.01882142597
3077,428216.28742165334
5549,428216.28742165334
16626,423302.01882142597
382,423302.01882142597
5635,428216.28742165334
186,428216.28742165334
4839,428216.28742165334
433,423302.01882142597
7210,428216.28742165334
15243,423302.01882142597
9993,423302.01882142597
7529,428216.28742165334
14506,428216.28742165334
5807,428216.28742165334
2373,428216.28742165334
13618,428216.28742165334
9908,423302.01882142597
5404,428216.28742165334
11023,428216.28742165334
9678,423302.01882142597
6160,423302.01882142597
4181,428216.28742165334
4230,423302.01882142597
13858,423302.01882142597
15871,423302.01882142597
7564,428216.28742165334
14463,423302.01882142597
15115,423302.01882142597
7533,423302.01882142597
9862,423302.01882142597
5708,423302.01882142597
272,423302.01882142597
4612,423302.01882142597
13336,423302.01882142597
13944,423302.01882142597
3517,423302.01882142597
422,423302.01882142597
12769,423302.01882142597
16079,423302.01882142597
4398,428216.28742165334
8250,428216.28742165334
8900,423302.01882142597
10819,423302.01882142597
10551,428216.28742165334
3418,428216.28742165334
3889,423302.01882142597
1186,428216.28742165334
15227,423302.01882142597
13432,428216.28742165334
10654,423302.01882142597
7306,428216.28742165334
16325,428216.28742165334
7510,423302.01882142597
7237,428216.28742165334
11812,423302.01882142597
7823,428216.28742165334
10691,428216.28742165334
12699,427583.172889524
914,428216.28742165334
12160,428216.28742165334
4600,428216.28742165334
5649,428216.28742165334
4896,423302.01882142597
800,423302.01882142597
10111,423302.01882142597
3690,423302.01882142597
10150,423302.01882142597
8099,428216.28742165334
9526,423302.01882142597
7301,423302.01882142597
655,428216.28742165334
6187,423302.01882142597
839,423302.01882142597
10505,423302.01882142597
3830,423302.01882142597
11301,428216.28742165334
11895,423302.01882142597
3102,423302.01882142597
12351,428216.28742165334
15378,423302.01882142597
9593,423302.01882142597
5302,423302.01882142597
7585,423302.01882142597
6785,423302.01882142597
3611,423302.01882142597
15888,428216.28742165334
13152,423302.01882142597
6208,423302.01882142597
13734,428216.28742165334
9212,423302.01882142597
6098,423302.01882142597
12314,428216.28742165334
8848,423302.01882142597
8951,428216.28742165334
13572,423302.01882142597
15907,428216.28742165334
12325,428216.28742165334
14000,423302.01882142597
9515,428216.28742165334
4514,428216.28742165334
11968,428216.28742165334
12452,428216.28742165334
2163,428216.28742165334
14538,423302.01882142597
11324,428216.28742165334
10441,423302.01882142597
1952,423302.01882142597
11680,423302.01882142597
16190,423302.01882142597
7649,423302.01882142597
5839,428216.28742165334
4659,428216.28742165334
2273,423302.01882142597
1829,423302.01882142597
3776,423302.01882142597
6607,431071.5861728675
10395,428216.28742165334
10667,423302.01882142597
10950,423302.01882142597
6339,428216.28742165334
12038,423302.01882142597
16128,428216.28742165334
9406,423302.01882142597
13386,428216.28742165334
13063,423302.01882142597
7319,431071.5861728675
11475,428216.28742165334
4109,423302.01882142597
466,423302.01882142597
7169,428216.28742165334
450,428216.28742165334
509,423302.01882142597
14114,423302.01882142597
10865,428216.28742165334
3497,423302.01882142597
9089,428216.28742165334
13675,423302.01882142597
6672,428216.28742165334
5464,423302.01882142597
16267,423302.01882142597
6372,423302.01882142597
4499,423302.01882142597
16547,423302.01882142597
11454,423302.01882142597
16645,423302.01882142597
9569,423302.01882142597
3279,423302.01882142597
12042,423302.01882142597
2547,423302.01882142597
16013,428216.28742165334
12929,423302.01882142597
12343,423302.01882142597
10359,423302.01882142597
12543,423302.01882142597
14928,423302.01882142597
11319,428216.28742165334
14724,423302.01882142597
2850,428216.28742165334
10775,423302.01882142597
8462,428216.28742165334
4724,423302.01882142597
6723,428216.28742165334
14180,423302.01882142597
5593,428216.28742165334
9151,423302.01882142597
8697,423302.01882142597
10758,423302.01882142597
4276,428216.28742165334
13655,423302.01882142597
13674,423302.01882142597
10057,428216.28742165334
10732,423302.01882142597
160,423302.01882142597
7451,423302.01882142597
3512,423302.01882142597
3925,428216.28742165334
14897,423302.01882142597
15963,423302.01882142597
13805,428216.28742165334
6894,423302.01882142597
14327,423302.01882142597
11838,431071.5861728675
12255,423302.01882142597
6587,423302.01882142597
6923,423302.01882142597
8885,428216.28742165334
10486,428216.28742165334
4722,423302.01882142597
14740,423302.01882142597
4754,428216.28742165334
8674,423302.01882142597
13252,423302.01882142597
1905,423302.01882142597
8585,428216.28742165334
11503,423302.01882142597
8979,423302.01882142597
3879,423302.01882142597
5165,423302.01882142597
4200,423302.01882142597
15206,423302.01882142597
927,423302.01882142597
13132,423302.01882142597
8640,423302.01882142597
14157,428216.28742165334
2991,423302.01882142597
15401,423302.01882142597
16356,423302.01882142597
10857,428216.28742165334
5651,423302.01882142597
14405,423302.01882142597
9176,423302.01882142597
16326,423302.01882142597
10397,428216.28742165334
14371,423302.01882142597
10577,427583.172889524
10605,423302.01882142597
8441,423302.01882142597
9546,427583.172889524
15433,428216.28742165334
14106,428216.28742165334
13791,428216.28742165334
123,423302.01882142597
6786,423302.01882142597
4618,428216.28742165334
6750,428216.28742165334
2188,428216.28742165334
4729,428216.28742165334
11082,428216.28742165334
947,423302.01882142597
1066,423302.01882142597
13916,423302.01882142597
13134,428216.28742165334
15755,428216.28742165334
14683,428216.28742165334
5590,423302.01882142597
11704,423302.01882142597
11544,428216.28742165334
9457,423302.01882142597
336,428216.28742165334
8667,423302.01882142597
9989,428216.28742165334
3786,427583.172889524
1467,423302.01882142597
15239,423302.01882142597
6380,423302.01882142597
15200,423302.01882142597
10378,428216.28742165334
9867,423302.01882142597
12443,423302.01882142597
15298,423302.01882142597
9136,423302.01882142597
6713,428216.28742165334
15472,428216.28742165334
4064,423302.01882142597
13576,423302.01882142597
10634,423302.01882142597
13257,428216.28742165334
14535,423302.01882142597
13262,423302.01882142597
13852,428216.28742165334
3238,423302.01882142597
2029,423302.01882142597
1542,423302.01882142597
5796,423302.01882142597
6273,423302.01882142597
8207,428216.28742165334
13913,423302.01882142597
14113,428216.28742165334
11094,423302.01882142597
3598,428216.28742165334
11881,423302.01882142597
4186,428216.28742165334
105,423302.01882142597
12712,423302.01882142597
10699,423302.01882142597
1522,428216.28742165334
6406,428216.28742165334
2600,423302.01882142597
12800,423302.01882142597
14794,428216.28742165334
832,423302.01882142597
11005,427583.172889524
1329,428216.28742165334
9621,428216.28742165334
3543,428216.28742165334
1234,428216.28742165334
14715,423302.01882142597
13218,427583.172889524
12522,428216.28742165334
15168,428216.28742165334
3344,428216.28742165334
7989,423302.01882142597
13592,428216.28742165334
2349,428216.28742165334
87,428216.28742165334
3648,428216.28742165334
15383,423302.01882142597
4245,428216.28742165334
3037,423302.01882142597
4963,423302.01882142597
12513,428216.28742165334
11906,423302.01882142597
6321,428216.28742165334
15889,428216.28742165334
16390,423302.01882142597
11080,428216.28742165334
4201,427583.172889524
3696,428216.28742165334
15188,423302.01882142597
1475,423302.01882142597
15248,428216.28742165334
5836,423302.01882142597
621,423302.01882142597
15618,423302.01882142597
11070,423302.01882142597
5126,423302.01882142597
3191,428216.28742165334
4786,423302.01882142597
6620,423302.01882142597
9169,423302.01882142597
15908,423302.01882142597
5512,428216.28742165334
16496,423302.01882142597
4052,428216.28742165334
1158,428216.28742165334
5860,428216.28742165334
907,423302.01882142597
10880,423302.01882142597
2406,428216.28742165334
16135,423302.01882142597
16655,423302.01882142597
15009,423302.01882142597
9075,428216.28742165334
15211,423302.01882142597
11972,428216.28742165334
7343,428216.28742165334
10693,423302.01882142597
16611,423302.01882142597
11189,428216.28742165334
14873,428216.28742165334
2863,423302.01882142597
1616,423302.01882142597
6932,428216.28742165334
10136,428216.28742165334
430,423302.01882142597
2978,423302.01882142597
9667,428216.28742165334
1215,428216.28742165334
8651,428216.28742165334
11529,423302.01882142597
14115,423302.01882142597
13842,428216.28742165334
12668,428216.28742165334
11298,428216.28742165334
14801,428216.28742165334
12346,423302.01882142597
7741,428216.28742165334
9160,428216.28742165334
4285,423302.01882142597
1738,428216.28742165334
16527,423302.01882142597
11797,423302.01882142597
11537,428216.28742165334
11661,423302.01882142597
16296,423302.01882142597
9835,428216.28742165334
11551,428216.28742165334
7868,423302.01882142597
6828,428216.28742165334
4870,428216.28742165334
14037,428216.28742165334
10255,428216.28742165334
13980,428216.28742165334
12720,423302.01882142597
4391,428216.28742165334
15559,423302.01882142597
11971,423302.01882142597
1294,423302.01882142597
4639,423302.01882142597
10815,423302.01882142597
12270,423302.01882142597
9322,428216.28742165334
14633,423302.01882142597
3733,423302.01882142597
9311,423302.01882142597
14855,423302.01882142597
13819,428216.28742165334
912,423302.01882142597
13565,428216.28742165334
5546,423302.01882142597
14337,423302.01882142597
5902,423302.01882142597
3939,423302.01882142597
12958,423302.01882142597
6810,428216.28742165334
6464,423302.01882142597
15753,423302.01882142597
8295,423302.01882142597
4190,428216.28742165334
13160,428216.28742165334
11609,423302.01882142597
6477,423302.01882142597
7833,428216.28742165334
8088,428216.28742165334
7090,428216.28742165334
4818,423302.01882142597
3010,423302.01882142597
2954,423302.01882142597
16552,423302.01882142597
563,428216.28742165334
13208,423302.01882142597
12886,428216.28742165334
9235,423302.01882142597
2397,423302.01882142597
3059,423302.01882142597
8245,423302.01882142597
11636,428216.28742165334
694,423302.01882142597
7222,428216.28742165334
13986,423302.01882142597
6083,428216.28742165334
9782,423302.01882142597
13060,423302.01882142597
6144,423302.01882142597
15637,423302.01882142597
987,423302.01882142597
10696,423302.01882142597
5319,428216.28742165334
16119,428216.28742165334
8198,428216.28742165334
14721,423302.01882142597
4704,428216.28742165334
8806,423302.01882142597
14764,428216.28742165334
14233,428216.28742165334
14252,423302.01882142597
9139,428216.28742165334
9297,423302.01882142597
8288,423302.01882142597
4879,423302.01882142597
6384,428216.28742165334
7438,428216.28742165334
116,423302.01882142597
364,428216.28742165334
2690,423302.01882142597
2193,423302.01882142597
1228,428216.28742165334
7607,428216.28742165334
6378,423302.01882142597
16520,428216.28742165334
7737,428216.28742165334
15652,423302.01882142597
15578,423302.01882142597
10823,428216.28742165334
11027,423302.01882142597
7076,428216.28742165334
6451,423302.01882142597
15589,428216.28742165334
9532,428216.28742165334
4148,428216.28742165334
1222,423302.01882142597
8066,428216.28742165334
2227,423302.01882142597
8814,423302.01882142597
7121,423302.01882142597
8265,428216.28742165334
2848,428216.28742165334
7971,423302.01882142597
15812,423302.01882142597
2238,423302.01882142597
11569,423302.01882142597
13631,428216.28742165334
13209,428216.28742165334
5448,428216.28742165334
5974,423302.01882142597
10379,423302.01882142597
13829,423302.01882142597
7552,423302.01882142597
11205,423302.01882142597
12787,423302.01882142597
12773,423302.01882142597
1501,423302.01882142597
3650,423302.01882142597
14850,423302.01882142597
8174,427583.172889524
5565,423302.01882142597
11832,423302.01882142597
15866,428216.28742165334
8742,427583.172889524
5271,423302.01882142597
11697,423302.01882142597
13516,423302.01882142597
6408,428216.28742165334
15545,423302.01882142597
11148,423302.01882142597
1585,423302.01882142597
4609,423302.01882142597
3174,423302.01882142597
13784,423302.01882142597
7889,428216.28742165334
9385,423302.01882142597
4058,423302.01882142597
6783,423302.01882142597
14676,428216.28742165334
3284,423302.01882142597
4988,423302.01882142597
13369,423302.01882142597
10107,428216.28742165334
11456,427583.172889524
5837,423302.01882142597
2637,423302.01882142597
10785,423302.01882142597
109,428216.28742165334
5968,427583.172889524
976,423302.01882142597
882,428216.28742165334
624,428216.28742165334
11904,423302.01882142597
15314,427583.172889524
6579,427583.172889524
9199,428216.28742165334
12611,423302.01882142597
2898,428216.28742165334
8461,423302.01882142597
15020,423302.01882142597
5652,428216.28742165334
14262,423302.01882142597
10156,428216.28742165334
4461,423302.01882142597
16666,423302.01882142597
15818,423302.01882142597
4940,423302.01882142597
9403,423302.01882142597
13638,428216.28742165334
6918,428216.28742165334
16307,428216.28742165334
4133,428216.28742165334
12316,423302.01882142597
1655,428216.28742165334
9398,428216.28742165334
4271,423302.01882142597
7584,423302.01882142597
16502,423302.01882142597
7732,428216.28742165334
14812,423302.01882142597
5083,423302.01882142597
4385,423302.01882142597
4024,428216.28742165334
5925,428216.28742165334
5603,423302.01882142597
9172,423302.01882142597
9485,428216.28742165334
337,428216.28742165334
9767,423302.01882142597
8228,428216.28742165334
14346,428216.28742165334
8946,428216.28742165334
11285,423302.01882142597
10588,428216.28742165334
16737,423302.01882142597
2262,423302.01882142597
12102,428216.28742165334
9851,423302.01882142597
941,423302.01882142597
10571,423302.01882142597
11487,423302.01882142597
12137,423302.01882142597
10549,428216.28742165334
11359,428216.28742165334
7724,428216.28742165334
6877,428216.28742165334
12946,423302.01882142597
10555,423302.01882142597
2733,423302.01882142597
734,428216.28742165334
4572,428216.28742165334
9888,423302.01882142597
5547,423302.01882142597
9473,428216.28742165334
10427,423302.01882142597
12081,428216.28742165334
10888,428216.28742165334
4834,431071.5861728675
7141,428216.28742165334
3282,428216.28742165334
10028,423302.01882142597
13941,423302.01882142597
3897,428216.28742165334
3838,423302.01882142597
15315,423302.01882142597
4623,423302.01882142597
1119,423302.01882142597
6031,428216.28742165334
8516,428216.28742165334
9415,428216.28742165334
10798,428216.28742165334
13666,428216.28742165334
11068,423302.01882142597
1489,423302.01882142597
9467,423302.01882142597
1946,423302.01882142597
6511,428216.28742165334
306,423302.01882142597
2837,423302.01882142597
9949,423302.01882142597
12571,423302.01882142597
9991,428216.28742165334
10974,423302.01882142597
5102,423302.01882142597
15565,428216.28742165334
8320,423302.01882142597
4205,423302.01882142597
14341,428216.28742165334
12738,423302.01882142597
7959,428216.28742165334
15526,423302.01882142597
9391,428216.28742165334
13904,428216.28742165334
5423,428216.28742165334
7852,428216.28742165334
16525,427583.172889524
3823,428216.28742165334
1858,423302.01882142597
8638,423302.01882142597
5777,428216.28742165334
10277,428216.28742165334
8002,423302.01882142597
11877,428216.28742165334
3964,423302.01882142597
16783,428216.28742165334
9896,423302.01882142597
1733,428216.28742165334
12470,423302.01882142597
12569,423302.01882142597
744,423302.01882142597
13608,423302.01882142597
3980,423302.01882142597
13468,423302.01882142597
15482,423302.01882142597
4135,431071.5861728675
8982,428216.28742165334
1928,423302.01882142597
12408,423302.01882142597
2316,427583.172889524
3340,428216.28742165334
7512,428216.28742165334
10170,423302.01882142597
2558,428216.28742165334
16236,428216.28742165334
9115,428216.28742165334
11183,423302.01882142597
6603,423302.01882142597
8548,423302.01882142597
13883,423302.01882142597
10766,428216.28742165334
9575,423302.01882142597
12048,423302.01882142597
928,423302.01882142597
3068,428216.28742165334
7603,428216.28742165334
12725,423302.01882142597
14089,428216.28742165334
13055,423302.01882142597
16602,428216.28742165334
2797,423302.01882142597
7467,428216.28742165334
651,423302.01882142597
16374,428216.28742165334
16544,423302.01882142597
3098,423302.01882142597
3015,423302.01882142597
13224,428216.28742165334
11299,423302.01882142597
14583,428216.28742165334
4033,428216.28742165334
12076,423302.01882142597
15017,423302.01882142597
13881,423302.01882142597
13000,428216.28742165334
676,423302.01882142597
6331,423302.01882142597
7681,423302.01882142597
1435,423302.01882142597
2966,423302.01882142597
5825,423302.01882142597
5422,428216.28742165334
1663,423302.01882142597
15561,428216.28742165334
10062,423302.01882142597
6476,423302.01882142597
1957,428216.28742165334
10795,428216.28742165334
16197,428216.28742165334
14421,423302.01882142597
12994,423302.01882142597
3493,428216.28742165334
11545,428216.28742165334
6726,428216.28742165334
9513,428216.28742165334
12556,428216.28742165334
9553,428216.28742165334
3734,423302.01882142597
3109,423302.01882142597
16319,423302.01882142597
5959,423302.01882142597
6683,423302.01882142597
9438,423302.01882142597
15857,428216.28742165334
2421,423302.01882142597
11540,428216.28742165334
264,423302.01882142597
16561,423302.01882142597
12288,423302.01882142597
9570,423302.01882142597
5936,423302.01882142597
11390,428216.28742165334
6551,423302.01882142597
3946,428216.28742165334
7746,423302.01882142597
2838,423302.01882142597
2472,428216.28742165334
3520,428216.28742165334
1341,423302.01882142597
3910,423302.01882142597
5208,428216.28742165334
12599,423302.01882142597
2475,423302.01882142597
10966,423302.01882142597
5910,423302.01882142597
11910,423302.01882142597
16221,428216.28742165334
10591,423302.01882142597
3744,428216.28742165334
6618,423302.01882142597
8676,423302.01882142597
11193,423302.01882142597
12659,428216.28742165334
14101,423302.01882142597
14483,423302.01882142597
8107,423302.01882142597
10681,423302.01882142597
10126,423302.01882142597
4527,423302.01882142597
16537,423302.01882142597
15403,428216.28742165334
11124,423302.01882142597
7468,423302.01882142597
3172,428216.28742165334
15847,428216.28742165334
8211,423302.01882142597
9459,423302.01882142597
5903,423302.01882142597
7232,428216.28742165334
3180,423302.01882142597
7147,423302.01882142597
10105,428216.28742165334
7338,428216.28742165334
2446,423302.01882142597
6466,423302.01882142597
5782,428216.28742165334
6526,428216.28742165334
14982,423302.01882142597
14639,423302.01882142597
16052,423302.01882142597
12587,428216.28742165334
13192,427583.172889524
9342,423302.01882142597
6052,428216.28742165334
7987,423302.01882142597
12165,423302.01882142597
15151,423302.01882142597
16728,423302.01882142597
12735,423302.01882142597
939,423302.01882142597
10983,423302.01882142597
1385,428216.28742165334
1892,423302.01882142597
8352,427583.172889524
79,428216.28742165334
7171,428216.28742165334
6194,423302.01882142597
6973,423302.01882142597
13786,428216.28742165334
2578,428216.28742165334
11344,423302.01882142597
14536,428216.28742165334
13518,428216.28742165334
15855,423302.01882142597
4387,423302.01882142597
1596,423302.01882142597
4699,423302.01882142597
4559,423302.01882142597
6613,423302.01882142597
7489,428216.28742165334
2127,428216.28742165334
16668,423302.01882142597
5919,427583.172889524
7696,428216.28742165334
12287,423302.01882142597
1053,423302.01882142597
7924,423302.01882142597
16365,423302.01882142597
13988,423302.01882142597
7415,428216.28742165334
6661,431071.5861728675
14496,423302.01882142597
15112,423302.01882142597
16444,423302.01882142597
8992,423302.01882142597
11054,423302.01882142597
3570,428216.28742165334
11016,427583.172889524
10455,428216.28742165334
10478,428216.28742165334
7751,428216.28742165334
7913,423302.01882142597
4883,423302.01882142597
12728,428216.28742165334
11482,423302.01882142597
12561,423302.01882142597
2207,428216.28742165334
11946,428216.28742165334
10552,428216.28742165334
14673,428216.28742165334
6914,423302.01882142597
15988,428216.28742165334
3878,423302.01882142597
13937,423302.01882142597
11208,423302.01882142597
3466,428216.28742165334
2799,428216.28742165334
13802,423302.01882142597
15790,428216.28742165334
845,423302.01882142597
13261,428216.28742165334
9986,428216.28742165334
4771,423302.01882142597
11763,428216.28742165334
13249,423302.01882142597
15982,428216.28742165334
5295,423302.01882142597
2828,428216.28742165334
12717,428216.28742165334
14541,423302.01882142597
12898,423302.01882142597
15190,423302.01882142597
13553,428216.28742165334
11589,423302.01882142597
13168,423302.01882142597
14224,428216.28742165334
11844,428216.28742165334
14578,423302.01882142597
6770,428216.28742165334
1003,423302.01882142597
6716,423302.01882142597
6204,423302.01882142597
10213,423302.01882142597
2961,428216.28742165334
14134,423302.01882142597
9134,423302.01882142597
9906,423302.01882142597
12114,423302.01882142597
12706,423302.01882142597
192,423302.01882142597
11022,428216.28742165334
14712,423302.01882142597
2659,423302.01882142597
7602,428216.28742165334
3009,423302.01882142597
4533,423302.01882142597
5620,428216.28742165334
12312,423302.01882142597
10896,428216.28742165334
7532,428216.28742165334
5696,423302.01882142597
10743,423302.01882142597
16708,428216.28742165334
5430,423302.01882142597
4362,423302.01882142597
15599,428216.28742165334
8197,423302.01882142597
8502,427583.172889524
554,428216.28742165334
16301,423302.01882142597
6206,423302.01882142597
10523,423302.01882142597
7221,428216.28742165334
5906,423302.01882142597
6724,428216.28742165334
9167,423302.01882142597
10380,423302.01882142597
6209,423302.01882142597
14298,428216.28742165334
6854,428216.28742165334
15218,423302.01882142597
5081,423302.01882142597
14572,428216.28742165334
7743,428216.28742165334
11071,423302.01882142597
10673,428216.28742165334
16276,423302.01882142597
2840,423302.01882142597
14414,423302.01882142597
15739,423302.01882142597
4743,428216.28742165334
3156,423302.01882142597
14879,423302.01882142597
758,428216.28742165334
14304,423302.01882142597
1210,423302.01882142597
1137,428216.28742165334
6026,428216.28742165334
841,428216.28742165334
3993,428216.28742165334
16554,423302.01882142597
27,423302.01882142597
13015,428216.28742165334
9428,428216.28742165334
6885,428216.28742165334
2410,423302.01882142597
743,423302.01882142597
9361,423302.01882142597
14016,423302.01882142597
5040,423302.01882142597
14255,428216.28742165334
291,423302.01882142597
3937,428216.28742165334
13374,423302.01882142597
14948,428216.28742165334
37,428216.28742165334
8226,423302.01882142597
9547,423302.01882142597
1000,428216.28742165334
12406,423302.01882142597
8314,423302.01882142597
960,428216.28742165334
31,423302.01882142597
5905,428216.28742165334
15833,423302.01882142597
8146,428216.28742165334
16718,423302.01882142597
2231,423302.01882142597
11286,428216.28742165334
8275,428216.28742165334
16706,423302.01882142597
6594,427583.172889524
15521,423302.01882142597
1131,423302.01882142597
9595,423302.01882142597
8354,423302.01882142597
15777,428216.28742165334
2330,428216.28742165334
13382,423302.01882142597
16721,428216.28742165334
11393,428216.28742165334
7009,423302.01882142597
1474,428216.28742165334
5816,428216.28742165334
16032,423302.01882142597
3422,423302.01882142597
7231,423302.01882142597
1565,423302.01882142597
10574,427583.172889524
1107,423302.01882142597
1458,423302.01882142597
12716,423302.01882142597
14039,423302.01882142597
7099,423302.01882142597
4498,423302.01882142597
16394,428216.28742165334
8760,423302.01882142597
5016,428216.28742165334
1097,427583.172889524
5433,423302.01882142597
7847,428216.28742165334
2903,423302.01882142597
15929,423302.01882142597
9066,423302.01882142597
16152,423302.01882142597
12383,423302.01882142597
7591,423302.01882142597
15435,423302.01882142597
1556,423302.01882142597
10644,423302.01882142597
5333,423302.01882142597
4266,428216.28742165334
7946,423302.01882142597
15594,428216.28742165334
12127,428216.28742165334
7697,423302.01882142597
10020,428216.28742165334
8999,428216.28742165334
15708,423302.01882142597
510,423302.01882142597
7239,428216.28742165334
414,423302.01882142597
9095,428216.28742165334
6136,423302.01882142597
12482,423302.01882142597
1254,428216.28742165334
12989,423302.01882142597
2923,423302.01882142597
13845,428216.28742165334
11169,428216.28742165334
3031,423302.01882142597
12704,423302.01882142597
3430,423302.01882142597
4483,428216.28742165334
1438,428216.28742165334
7790,428216.28742165334
10260,428216.28742165334
8340,423302.01882142597
11099,423302.01882142597
4392,428216.28742165334
1551,428216.28742165334
6566,423302.01882142597
12689,423302.01882142597
16117,423302.01882142597
2800,428216.28742165334
7779,428216.28742165334
4546,423302.01882142597
16734,423302.01882142597
2506,428216.28742165334
12457,423302.01882142597
14626,423302.01882142597
9816,423302.01882142597
5055,428216.28742165334
13894,428216.28742165334
2676,423302.01882142597
13860,423302.01882142597
3029,423302.01882142597
5048,428216.28742165334
12857,423302.01882142597
15813,428216.28742165334
9973,423302.01882142597
6664,423302.01882142597
2764,428216.28742165334
10746,428216.28742165334
1068,423302.01882142597
6797,423302.01882142597
384,423302.01882142597
16012,427583.172889524
10891,423302.01882142597
1110,428216.28742165334
10284,423302.01882142597
15508,428216.28742165334
6000,427583.172889524
15275,423302.01882142597
5312,428216.28742165334
391,423302.01882142597
10154,428216.28742165334
7256,423302.01882142597
7947,423302.01882142597
4097,423302.01882142597
1526,423302.01882142597
16261,423302.01882142597
8470,428216.28742165334
3270,423302.01882142597
11212,428216.28742165334
1261,428216.28742165334
13456,428216.28742165334
3862,428216.28742165334
13241,423302.01882142597
8526,423302.01882142597
5013,423302.01882142597
10205,428216.28742165334
1346,428216.28742165334
12977,423302.01882142597
10073,428216.28742165334
9623,423302.01882142597
10590,428216.28742165334
2773,428216.28742165334
4444,423302.01882142597
442,423302.01882142597
8376,428216.28742165334
13461,423302.01882142597
13229,423302.01882142597
8718,428216.28742165334
12847,423302.01882142597
12117,423302.01882142597
14510,423302.01882142597
9254,423302.01882142597
16290,423302.01882142597
3936,423302.01882142597
12526,428216.28742165334
7302,423302.01882142597
3268,428216.28742165334
13230,428216.28742165334
12695,428216.28742165334
14761,423302.01882142597
15771,428216.28742165334
12598,428216.28742165334
15357,428216.28742165334
9874,428216.28742165334
7582,428216.28742165334
16604,423302.01882142597
2023,423302.01882142597
13932,428216.28742165334
13300,428216.28742165334
14040,428216.28742165334
12612,428216.28742165334
14843,423302.01882142597
5242,428216.28742165334
1343,428216.28742165334
14576,428216.28742165334
6257,428216.28742165334
25,423302.01882142597
11043,423302.01882142597
5047,427583.172889524
16080,423302.01882142597
2161,428216.28742165334
2444,428216.28742165334
5459,423302.01882142597
9033,428216.28742165334
11539,428216.28742165334
14256,428216.28742165334
9219,428216.28742165334
13840,423302.01882142597
4848,423302.01882142597
227,423302.01882142597
6238,423302.01882142597
15530,428216.28742165334
594,423302.01882142597
14505,428216.28742165334
11748,423302.01882142597
13771,428216.28742165334
5778,428216.28742165334
9820,428216.28742165334
14066,423302.01882142597
8498,423302.01882142597
6058,423302.01882142597
13661,428216.28742165334
7992,423302.01882142597
10264,428216.28742165334
6924,428216.28742165334
9183,428216.28742165334
13325,423302.01882142597
10467,427583.172889524
998,423302.01882142597
3700,423302.01882142597
5094,428216.28742165334
11643,428216.28742165334
8496,423302.01882142597
16487,428216.28742165334
7810,423302.01882142597
15418,423302.01882142597
16355,428216.28742165334
3194,428216.28742165334
9278,423302.01882142597
2707,423302.01882142597
5688,423302.01882142597
7883,428216.28742165334
5250,423302.01882142597
12794,423302.01882142597
15958,423302.01882142597
68,423302.01882142597
9505,428216.28742165334
4162,428216.28742165334
14730,428216.28742165334
14671,423302.01882142597
13981,428216.28742165334
4445,423302.01882142597
15067,423302.01882142597
444,423302.01882142597
1613,423302.01882142597
8509,428216.28742165334
877,428216.28742165334
5170,423302.01882142597
9846,423302.01882142597
5915,423302.01882142597
12459,423302.01882142597
11318,428216.28742165334
16009,423302.01882142597
14466,423302.01882142597
7896,428216.28742165334
11280,428216.28742165334
15529,423302.01882142597
3859,423302.01882142597
16193,423302.01882142597
8796,428216.28742165334
13010,423302.01882142597
8672,428216.28742165334
16756,428216.28742165334
6929,423302.01882142597
6288,423302.01882142597
2842,423302.01882142597
13446,423302.01882142597
10235,428216.28742165334
7654,423302.01882142597
15967,423302.01882142597
8048,423302.01882142597
4253,423302.01882142597
8004,428216.28742165334
1397,423302.01882142597
4799,423302.01882142597
8558,428216.28742165334
6060,423302.01882142597
5608,423302.01882142597
10515,423302.01882142597
8931,423302.01882142597
2396,423302.01882142597
4022,428216.28742165334
12471,423302.01882142597
1711,428216.28742165334
11430,423302.01882142597
9829,428216.28742165334
4425,423302.01882142597
9803,428216.28742165334
4651,423302.01882142597
2189,423302.01882142597
6368,423302.01882142597
6568,423302.01882142597
13827,427583.172889524
4375,428216.28742165334
5622,428216.28742165334
10559,428216.28742165334
10985,423302.01882142597
159,423302.01882142597
9038,428216.28742165334
9382,428216.28742165334
11998,423302.01882142597
5184,428216.28742165334
10542,428216.28742165334
3537,427583.172889524
13475,428216.28742165334
15536,423302.01882142597
6948,428216.28742165334
2888,428216.28742165334
2830,423302.01882142597
12064,428216.28742165334
8922,423302.01882142597
16427,428216.28742165334
14051,428216.28742165334
3251,428216.28742165334
14202,423302.01882142597
13756,428216.28742165334
1421,428216.28742165334
14187,428216.28742165334
10166,423302.01882142597
4923,428216.28742165334
11570,428216.28742165334
9844,428216.28742165334
918,428216.28742165334
8919,423302.01882142597
8818,423302.01882142597
2949,423302.01882142597
2423,428216.28742165334
15361,423302.01882142597
13254,428216.28742165334
9692,423302.01882142597
7271,423302.01882142597
2017,423302.01882142597
4036,423302.01882142597
11373,428216.28742165334
13377,423302.01882142597
9977,428216.28742165334
7410,423302.01882142597
11817,428216.28742165334
2573,428216.28742165334
6543,428216.28742165334
8819,428216.28742165334
312,423302.01882142597
14517,423302.01882142597
15090,428216.28742165334
10789,423302.01882142597
1910,423302.01882142597
14652,428216.28742165334
13121,423302.01882142597
5125,423302.01882142597
1959,428216.28742165334
12034,423302.01882142597
15595,428216.28742165334
6153,428216.28742165334
4053,428216.28742165334
10877,428216.28742165334
4529,423302.01882142597
10158,423302.01882142597
9236,428216.28742165334
5299,423302.01882142597
13059,428216.28742165334
11152,423302.01882142597
11914,428216.28742165334
2442,423302.01882142597
7044,428216.28742165334
5893,423302.01882142597
5035,428216.28742165334
979,423302.01882142597
3409,428216.28742165334
6675,431071.5861728675
11650,423302.01882142597
5611,428216.28742165334
5956,423302.01882142597
16435,423302.01882142597
14599,423302.01882142597
4215,428216.28742165334
8873,428216.28742165334
14918,423302.01882142597
10011,423302.01882142597
11446,428216.28742165334
1535,423302.01882142597
14241,428216.28742165334
9543,423302.01882142597
10979,428216.28742165334
14215,423302.01882142597
12365,423302.01882142597
6681,428216.28742165334
2924,428216.28742165334
6445,423302.01882142597
12032,428216.28742165334
10702,423302.01882142597
2974,428216.28742165334
3877,423302.01882142597
15147,428216.28742165334
15984,428216.28742165334
2324,423302.01882142597
7499,423302.01882142597
3801,423302.01882142597
4284,423302.01882142597
9329,428216.28742165334
3120,428216.28742165334
2531,423302.01882142597
13762,428216.28742165334
3691,428216.28742165334
8058,428216.28742165334
4897,423302.01882142597
14925,423302.01882142597
4330,428216.28742165334
5453,423302.01882142597
6559,423302.01882142597
425,423302.01882142597
14024,423302.01882142597
10413,423302.01882142597
15294,423302.01882142597
2821,423302.01882142597
11509,428216.28742165334
9074,428216.28742165334
16091,423302.01882142597
3642,423302.01882142597
16124,423302.01882142597
16449,428216.28742165334
8684,428216.28742165334
2392,423302.01882142597
12234,423302.01882142597
14199,428216.28742165334
834,423302.01882142597
1484,423302.01882142597
15653,423302.01882142597
11663,423302.01882142597
15397,428216.28742165334
11385,423302.01882142597
10151,428216.28742165334
13263,423302.01882142597
4505,423302.01882142597
1851,428216.28742165334
15471,423302.01882142597
6560,423302.01882142597
4007,423302.01882142597
10251,423302.01882142597
265,428216.28742165334
14770,423302.01882142597
1353,423302.01882142597
16335,423302.01882142597
10859,423302.01882142597
641,423302.01882142597
11985,428216.28742165334
8076,423302.01882142597
14160,428216.28742165334
12506,423302.01882142597
8809,428216.28742165334
6957,428216.28742165334
4478,428216.28742165334
4749,423302.01882142597
12322,423302.01882142597
13910,423302.01882142597
8252,423302.01882142597
2431,423302.01882142597
12670,428216.28742165334
7537,423302.01882142597
4637,431071.5861728675
2538,428216.28742165334
15290,423302.01882142597
16072,423302.01882142597
16740,428216.28742165334
6078,423302.01882142597
16723,428216.28742165334
3847,423302.01882142597
5999,428216.28742165334
7678,423302.01882142597
4862,423302.01882142597
12468,423302.01882142597
13409,423302.01882142597
12380,423302.01882142597
8962,428216.28742165334
11004,423302.01882142597
792,423302.01882142597
5687,428216.28742165334
3906,423302.01882142597
13554,428216.28742165334
5863,428216.28742165334
13459,428216.28742165334
12378,423302.01882142597
9935,428216.28742165334
5674,423302.01882142597
4535,423302.01882142597
12310,423302.01882142597
7048,423302.01882142597
1143,423302.01882142597
16085,423302.01882142597
5358,428216.28742165334
7100,423302.01882142597
10384,423302.01882142597
5006,423302.01882142597
7371,428216.28742165334
4720,423302.01882142597
7577,423302.01882142597
15196,423302.01882142597
8467,423302.01882142597
5251,428216.28742165334
9220,423302.01882142597
2151,423302.01882142597
8081,423302.01882142597
15824,423302.01882142597
10545,423302.01882142597
13403,428216.28742165334
1559,427583.172889524
16795,423302.01882142597
6293,423302.01882142597
16024,428216.28742165334
12167,428216.28742165334
3078,428216.28742165334
6736,423302.01882142597
12124,423302.01882142597
6489,423302.01882142597
2778,423302.01882142597
13074,428216.28742165334
4075,428216.28742165334
15195,428216.28742165334
3160,423302.01882142597
1272,423302.01882142597
14776,423302.01882142597
8497,428216.28742165334
4,423302.01882142597
15732,423302.01882142597
9111,423302.01882142597
10748,428216.28742165334
8944,423302.01882142597
1906,428216.28742165334
11283,428216.28742165334
14269,428216.28742165334
16232,428216.28742165334
1839,423302.01882142597
7894,423302.01882142597
5703,428216.28742165334
1347,423302.01882142597
4849,427583.172889524
5618,428216.28742165334
9672,427583.172889524
2638,428216.28742165334
1962,423302.01882142597
11717,428216.28742165334
13358,428216.28742165334
8258,427583.172889524
8822,428216.28742165334
2927,423302.01882142597
14741,423302.01882142597
8216,428216.28742165334
12317,428216.28742165334
13133,423302.01882142597
1286,423302.01882142597
13116,428216.28742165334
9198,428216.28742165334
13679,423302.01882142597
13877,428216.28742165334
5946,428216.28742165334
7428,428216.28742165334
1073,423302.01882142597
13970,423302.01882142597
8466,428216.28742165334
13135,423302.01882142597
1778,423302.01882142597
195,423302.01882142597
8973,428216.28742165334
10674,428216.28742165334
12350,428216.28742165334
10295,428216.28742165334
7251,423302.01882142597
9245,428216.28742165334
9126,427583.172889524
7740,423302.01882142597
8956,423302.01882142597
13686,423302.01882142597
2864,423302.01882142597
7110,428216.28742165334
11331,423302.01882142597
16637,428216.28742165334
4580,428216.28742165334
8909,423302.01882142597
11932,423302.01882142597
5243,428216.28742165334
13419,428216.28742165334
3459,428216.28742165334
7053,428216.28742165334
14691,423302.01882142597
12535,428216.28742165334
560,428216.28742165334
7514,423302.01882142597
5305,423302.01882142597
11231,423302.01882142597
8803,428216.28742165334
9791,423302.01882142597
130,423302.01882142597
5874,423302.01882142597
1440,423302.01882142597
6474,423302.01882142597
12168,423302.01882142597
13187,423302.01882142597
9831,423302.01882142597
15943,423302.01882142597
15846,423302.01882142597
1402,428216.28742165334
4968,428216.28742165334
5131,423302.01882142597
15580,428216.28742165334
10869,428216.28742165334
4679,423302.01882142597
13908,423302.01882142597
13489,423302.01882142597
16352,427583.172889524
5691,423302.01882142597
8780,423302.01882142597
11933,423302.01882142597
4136,423302.01882142597
12873,428216.28742165334
13330,423302.01882142597
797,423302.01882142597
6450,423302.01882142597
10056,428216.28742165334
1050,428216.28742165334
1202,428216.28742165334
6680,428216.28742165334
174,428216.28742165334
6337,428216.28742165334
6704,423302.01882142597
266,428216.28742165334
9195,428216.28742165334
14668,428216.28742165334
9315,423302.01882142597
469,423302.01882142597
8852,423302.01882142597
10907,423302.01882142597
5287,423302.01882142597
4548,423302.01882142597
9637,428216.28742165334
11010,428216.28742165334
9564,423302.01882142597
2681,428216.28742165334
6776,428216.28742165334
8311,423302.01882142597
6580,428216.28742165334
14417,423302.01882142597
3892,423302.01882142597
4929,428216.28742165334
7340,428216.28742165334
13225,423302.01882142597
5581,428216.28742165334
8015,428216.28742165334
13567,428216.28742165334
10596,423302.01882142597
11291,428216.28742165334
10901,423302.01882142597
9349,428216.28742165334
4030,428216.28742165334
8357,423302.01882142597
829,428216.28742165334
5529,423302.01882142597
4134,428216.28742165334
4867,428216.28742165334
903,423302.01882142597
3701,423302.01882142597
12916,428216.28742165334
9031,423302.01882142597
1965,423302.01882142597
13851,423302.01882142597
9314,423302.01882142597
7386,423302.01882142597
4088,423302.01882142597
14907,423302.01882142597
5991,423302.01882142597
10265,423302.01882142597
15260,423302.01882142597
8053,423302.01882142597
9577,428216.28742165334
15509,428216.28742165334
12153,423302.01882142597
3218,428216.28742165334
4740,428216.28742165334
682,423302.01882142597
12176,428216.28742165334
12385,428216.28742165334
2523,428216.28742165334
5801,428216.28742165334
12751,423302.01882142597
15121,427583.172889524
517,423302.01882142597
4822,428216.28742165334
1129,428216.28742165334
12396,428216.28742165334
11329,428216.28742165334
11856,423302.01882142597
3653,423302.01882142597
13404,427583.172889524
14486,428216.28742165334
3502,423302.01882142597
7717,427583.172889524
8808,423302.01882142597
11676,423302.01882142597
7033,428216.28742165334
1681,423302.01882142597
6658,428216.28742165334
959,423302.01882142597
4871,423302.01882142597
6946,423302.01882142597
13763,423302.01882142597
15320,423302.01882142597
3065,428216.28742165334
14742,423302.01882142597
13959,423302.01882142597
2427,423302.01882142597
1716,423302.01882142597
6258,428216.28742165334
16677,423302.01882142597
206,423302.01882142597
13659,423302.01882142597
7782,428216.28742165334
3308,423302.01882142597
9073,428216.28742165334
6342,428216.28742165334
868,428216.28742165334
10153,428216.28742165334
16788,428216.28742165334
14886,423302.01882142597
4674,423302.01882142597
13599,427583.172889524
6851,423302.01882142597
6443,423302.01882142597
9903,428216.28742165334
8321,423302.01882142597
10686,423302.01882142597
11106,428216.28742165334
11845,428216.28742165334
2439,423302.01882142597
5461,423302.01882142597
14559,423302.01882142597
10215,428216.28742165334
13566,428216.28742165334
16563,423302.01882142597
10492,423302.01882142597
13847,423302.01882142597
3607,423302.01882142597
2844,428216.28742165334
3499,423302.01882142597
7478,428216.28742165334
4728,423302.01882142597
10883,423302.01882142597
13602,427583.172889524
3751,423302.01882142597
10299,428216.28742165334
13023,423302.01882142597
14498,428216.28742165334
13601,428216.28742165334
5787,423302.01882142597
7853,423302.01882142597
2429,428216.28742165334
2359,423302.01882142597
13926,423302.01882142597
4278,423302.01882142597
14307,423302.01882142597
15677,423302.01882142597
9,428216.28742165334
12630,423302.01882142597
16428,423302.01882142597
13285,423302.01882142597
7902,423302.01882142597
866,428216.28742165334
6077,428216.28742165334
4015,423302.01882142597
16350,423302.01882142597
14793,428216.28742165334
1409,423302.01882142597
5199,428216.28742165334
12036,423302.01882142597
9654,423302.01882142597
13106,428216.28742165334
11780,423302.01882142597
355,423302.01882142597
6247,428216.28742165334
1045,428216.28742165334
4019,423302.01882142597
2048,423302.01882142597
14586,427583.172889524
6720,428216.28742165334
5509,428216.28742165334
8463,428216.28742165334
3202,423302.01882142597
6910,423302.01882142597
5701,423302.01882142597
1,428216.28742165334
6853,428216.28742165334
5386,423302.01882142597
9251,428216.28742165334
8580,423302.01882142597
3644,428216.28742165334
3258,428216.28742165334
329,423302.01882142597
5038,428216.28742165334
2526,423302.01882142597
2082,428216.28742165334
11081,428216.28742165334
3927,428216.28742165334
12305,428216.28742165334
10975,423302.01882142597
2590,428216.28742165334
9337,428216.28742165334
9368,423302.01882142597
16111,428216.28742165334
986,423302.01882142597
426,423302.01882142597
10040,428216.28742165334
16463,423302.01882142597
3704,428216.28742165334
15406,423302.01882142597
10035,423302.01882142597
16251,423302.01882142597
9520,423302.01882142597
503,428216.28742165334
8260,428216.28742165334
14309,423302.01882142597
16054,423302.01882142597
3885,428216.28742165334
5924,428216.28742165334
12843,423302.01882142597
14300,428216.28742165334
12608,428216.28742165334
11437,423302.01882142597
9535,428216.28742165334
1528,423302.01882142597
11518,428216.28742165334
6401,423302.01882142597
9129,423302.01882142597
13069,428216.28742165334
16607,423302.01882142597
1473,423302.01882142597
6085,428216.28742165334
4067,423302.01882142597
9178,423302.01882142597
5090,423302.01882142597
15046,423302.01882142597
13621,423302.01882142597
16065,428216.28742165334
1944,423302.01882142597
1060,423302.01882142597
1764,423302.01882142597
1705,428216.28742165334
9961,428216.28742165334
18,423302.01882142597
10371,423302.01882142597
13185,428216.28742165334
13139,423302.01882142597
3161,423302.01882142597
11931,423302.01882142597
8759,428216.28742165334
12969,428216.28742165334
14329,423302.01882142597
3637,423302.01882142597
1165,428216.28742165334
9976,428216.28742165334
16490,423302.01882142597
2074,423302.01882142597
15364,423302.01882142597
11394,423302.01882142597
10222,423302.01882142597
5948,428216.28742165334
7494,428216.28742165334
6285,423302.01882142597
15220,423302.01882142597
3237,428216.28742165334
3528,428216.28742165334
6289,428216.28742165334
15784,428216.28742165334
15321,423302.01882142597
4562,428216.28742165334
6402,428216.28742165334
12688,428216.28742165334
3536,423302.01882142597
8426,428216.28742165334
12434,428216.28742165334
5645,423302.01882142597
15080,423302.01882142597
4677,423302.01882142597
9818,423302.01882142597
13496,423302.01882142597
15682,423302.01882142597
6284,423302.01882142597
14342,423302.01882142597
8109,423302.01882142597
14818,423302.01882142597
5724,428216.28742165334
7471,423302.01882142597
14905,423302.01882142597
9719,423302.01882142597
10637,423302.01882142597
12838,428216.28742165334
15949,423302.01882142597
2334,423302.01882142597
3416,423302.01882142597
12303,428216.28742165334
528,423302.01882142597
980,428216.28742165334
1298,428216.28742165334
13728,423302.01882142597
10842,428216.28742165334
14596,428216.28742165334
1899,423302.01882142597
16380,428216.28742165334
7855,428216.28742165334
8147,423302.01882142597
11469,428216.28742165334
5779,427583.172889524
3389,423302.01882142597
7885,423302.01882142597
5254,423302.01882142597
6383,423302.01882142597
3498,423302.01882142597
16166,423302.01882142597
2413,423302.01882142597
14653,423302.01882142597
9345,423302.01882142597
13711,428216.28742165334
822,423302.01882142597
12640,428216.28742165334
11954,423302.01882142597
7914,423302.01882142597
7394,423302.01882142597
7354,423302.01882142597
13058,428216.28742165334
4836,431071.5861728675
362,428216.28742165334
9365,428216.28742165334
211,428216.28742165334
8543,423302.01882142597
188,423302.01882142597
14196,428216.28742165334
7114,423302.01882142597
13431,423302.01882142597
12869,423302.01882142597
16681,423302.01882142597
16528,423302.01882142597
390,428216.28742165334
11752,428216.28742165334
4408,423302.01882142597
3315,423302.01882142597
16071,428216.28742165334
16535,427583.172889524
12463,428216.28742165334
12790,423302.01882142597
11787,423302.01882142597
14577,423302.01882142597
4431,423302.01882142597
10286,428216.28742165334
1676,423302.01882142597
13993,423302.01882142597
4761,423302.01882142597
14670,423302.01882142597
4795,423302.01882142597
15411,423302.01882142597
2909,427583.172889524
8236,423302.01882142597
14017,428216.28742165334
13974,423302.01882142597
6513,423302.01882142597
7695,423302.01882142597
5286,423302.01882142597
4902,423302.01882142597
1124,428216.28742165334
10436,428216.28742165334
14749,428216.28742165334
2609,423302.01882142597
14548,428216.28742165334
1566,423302.01882142597
3649,423302.01882142597
16101,428216.28742165334
13095,423302.01882142597
2779,428216.28742165334
14203,423302.01882142597
11019,428216.28742165334
7653,423302.01882142597
12835,428216.28742165334
9683,428216.28742165334
6955,428216.28742165334
11504,423302.01882142597
12110,423302.01882142597
237,428216.28742165334
2612,428216.28742165334
8855,423302.01882142597
8729,428216.28742165334
11580,423302.01882142597
13807,428216.28742165334
5375,428216.28742165334
16767,423302.01882142597
14540,428216.28742165334
255,423302.01882142597
3586,423302.01882142597
5671,423302.01882142597
10311,423302.01882142597
13280,428216.28742165334
1788,428216.28742165334
12128,428216.28742165334
3576,423302.01882142597
1285,423302.01882142597
13502,423302.01882142597
6518,423302.01882142597
1729,423302.01882142597
5398,423302.01882142597
12539,428216.28742165334
1476,423302.01882142597
5057,423302.01882142597
5133,423302.01882142597
2196,423302.01882142597
4041,428216.28742165334
5252,427583.172889524
12879,428216.28742165334
13210,423302.01882142597
7390,423302.01882142597
15942,428216.28742165334
7054,423302.01882142597
14632,428216.28742165334
10208,423302.01882142597
14120,428216.28742165334
13607,428216.28742165334
9647,428216.28742165334
12134,423302.01882142597
8593,428216.28742165334
16231,428216.28742165334
12474,428216.28742165334
11640,423302.01882142597
1685,423302.01882142597
4474,428216.28742165334
15313,423302.01882142597
1736,428216.28742165334
16471,428216.28742165334
12517,423302.01882142597
15437,423302.01882142597
3381,428216.28742165334
16555,428216.28742165334
15738,423302.01882142597
2896,427583.172889524
11356,423302.01882142597
9734,428216.28742165334
1890,423302.01882142597
15344,428216.28742165334
13575,428216.28742165334
14595,428216.28742165334
10567,423302.01882142597
12889,423302.01882142597
1213,428216.28742165334
8841,428216.28742165334
473,423302.01882142597
14853,428216.28742165334
15271,423302.01882142597
14191,423302.01882142597
12703,423302.01882142597
2649,423302.01882142597
14916,428216.28742165334
8975,427583.172889524
12108,423302.01882142597
6070,423302.01882142597
15765,428216.28742165334
3713,427583.172889524
1618,423302.01882142597
13874,428216.28742165334
4407,423302.01882142597
8550,423302.01882142597
15759,423302.01882142597
7808,423302.01882142597
1127,423302.01882142597
13108,423302.01882142597
4426,428216.28742165334
6175,423302.01882142597
7903,423302.01882142597
2076,428216.28742165334
9924,431071.5861728675
2322,423302.01882142597
13844,428216.28742165334
13871,423302.01882142597
5908,428216.28742165334
429,423302.01882142597
3443,428216.28742165334
170,428216.28742165334
9879,423302.01882142597
15324,428216.28742165334
15616,423302.01882142597
14217,428216.28742165334
5262,423302.01882142597
13426,423302.01882142597
13286,428216.28742165334
10464,423302.01882142597
10881,423302.01882142597
12776,428216.28742165334
10664,428216.28742165334
15237,423302.01882142597
15999,423302.01882142597
4816,423302.01882142597
13856,428216.28742165334
2701,423302.01882142597
635,423302.01882142597
4016,423302.01882142597
64,428216.28742165334
4881,428216.28742165334
7017,423302.01882142597
7184,423302.01882142597
487,423302.01882142597
15897,423302.01882142597
11444,423302.01882142597
3260,431071.5861728675
3127,423302.01882142597
7899,428216.28742165334
5705,428216.28742165334
12960,423302.01882142597
4046,428216.28742165334
2190,428216.28742165334
15787,423302.01882142597
1926,423302.01882142597
3944,423302.01882142597
14709,423302.01882142597
13046,428216.28742165334
9845,428216.28742165334
7432,427583.172889524
11524,428216.28742165334
6393,428216.28742165334
11323,428216.28742165334
10352,423302.01882142597
6811,423302.01882142597
2606,423302.01882142597
11660,423302.01882142597
8305,428216.28742165334
7357,428216.28742165334
14796,423302.01882142597
15587,428216.28742165334
2461,423302.01882142597
5605,423302.01882142597
6554,428216.28742165334
7662,423302.01882142597
11798,428216.28742165334
12078,423302.01882142597
1758,428216.28742165334
7661,423302.01882142597
3335,428216.28742165334
2854,423302.01882142597
16659,428216.28742165334
5241,423302.01882142597
16469,423302.01882142597
16098,428216.28742165334
15049,423302.01882142597
5152,427583.172889524
2166,428216.28742165334
16465,428216.28742165334
1768,428216.28742165334
8744,428216.28742165334
10594,428216.28742165334
1339,423302.01882142597
6998,428216.28742165334
723,423302.01882142597
11357,423302.01882142597
4413,423302.01882142597
5026,428216.28742165334
4412,428216.28742165334
537,428216.28742165334
10270,427583.172889524
9571,423302.01882142597
9969,423302.01882142597
7822,427583.172889524
6621,423302.01882142597
208,428216.28742165334
5195,428216.28742165334
7032,423302.01882142597
8263,428216.28742165334
14719,423302.01882142597
15622,428216.28742165334
4259,428216.28742165334
3085,428216.28742165334
172,428216.28742165334
7130,423302.01882142597
8767,423302.01882142597
3087,428216.28742165334
4089,428216.28742165334
11477,423302.01882142597
2246,423302.01882142597
1793,423302.01882142597
1630,428216.28742165334
1189,428216.28742165334
6050,428216.28742165334
8752,428216.28742165334
8963,428216.28742165334
9671,423302.01882142597
4820,423302.01882142597
4475,431071.5861728675
6396,428216.28742165334
8932,428216.28742165334
162,423302.01882142597
10847,428216.28742165334
5692,423302.01882142597
7316,423302.01882142597
5485,428216.28742165334
9780,423302.01882142597
7307,428216.28742165334
9739,423302.01882142597
7426,428216.28742165334
835,428216.28742165334
11744,423302.01882142597
11907,423302.01882142597
5684,428216.28742165334
10335,428216.28742165334
4466,428216.28742165334
11593,428216.28742165334
244,428216.28742165334
15205,423302.01882142597
6071,423302.01882142597
9455,423302.01882142597
15862,423302.01882142597
8165,428216.28742165334
5002,428216.28742165334
5922,423302.01882142597
16616,423302.01882142597
7615,428216.28742165334
7911,428216.28742165334
7748,428216.28742165334
11265,423302.01882142597
15820,423302.01882142597
6648,423302.01882142597
7117,423302.01882142597
10262,428216.28742165334
2853,423302.01882142597
4606,423302.01882142597
12747,428216.28742165334
3953,423302.01882142597
3552,428216.28742165334
2675,428216.28742165334
4611,428216.28742165334
2025,423302.01882142597
5424,427583.172889524
8546,423302.01882142597
8875,428216.28742165334
2807,423302.01882142597
8578,423302.01882142597
786,428216.28742165334
3945,423302.01882142597
16733,428216.28742165334
16191,423302.01882142597
12669,428216.28742165334
10493,423302.01882142597
6671,428216.28742165334
9330,428216.28742165334
1622,423302.01882142597
8713,423302.01882142597
8696,428216.28742165334
9187,428216.28742165334
14551,423302.01882142597
2646,423302.01882142597
9563,423302.01882142597
4031,428216.28742165334
5155,423302.01882142597
12116,423302.01882142597
3834,423302.01882142597
7785,423302.01882142597
307,428216.28742165334
13663,428216.28742165334
16357,428216.28742165334
10646,423302.01882142597
5615,428216.28742165334
4604,423302.01882142597
9308,423302.01882142597
16789,423302.01882142597
15721,423302.01882142597
4994,428216.28742165334
5454,428216.28742165334
4034,423302.01882142597
1420,423302.01882142597
6453,423302.01882142597
8167,423302.01882142597
11657,423302.01882142597
14356,423302.01882142597
2024,428216.28742165334
7701,427583.172889524
6291,423302.01882142597
789,428216.28742165334
16315,423302.01882142597
3677,428216.28742165334
13309,428216.28742165334
2088,427583.172889524
3707,423302.01882142597
5240,428216.28742165334
13197,423302.01882142597
3147,423302.01882142597
76,423302.01882142597
14287,428216.28742165334
7940,423302.01882142597
2515,428216.28742165334
4891,428216.28742165334
7623,423302.01882142597
10671,423302.01882142597
13030,428216.28742165334
14686,428216.28742165334
13272,423302.01882142597
14954,423302.01882142597
16264,423302.01882142597
14461,428216.28742165334
13107,423302.01882142597
8740,423302.01882142597
2824,423302.01882142597
1645,428216.28742165334
15613,423302.01882142597
4803,428216.28742165334
971,423302.01882142597
13952,423302.01882142597
3320,423302.01882142597
15110,428216.28742165334
2440,423302.01882142597
10462,428216.28742165334
6011,423302.01882142597
9405,428216.28742165334
511,428216.28742165334
4141,428216.28742165334
11651,423302.01882142597
343,423302.01882142597
14750,423302.01882142597
3711,428216.28742165334
6322,423302.01882142597
6533,428216.28742165334
6089,423302.01882142597
286,428216.28742165334
7639,428216.28742165334
16722,423302.01882142597
9157,428216.28742165334
7137,428216.28742165334
6669,423302.01882142597
3326,423302.01882142597
5820,423302.01882142597
11604,428216.28742165334
16087,423302.01882142597
5327,423302.01882142597
13639,423302.01882142597
349,423302.01882142597
15181,428216.28742165334
4821,428216.28742165334
1740,423302.01882142597
3450,428216.28742165334
16064,423302.01882142597
1804,428216.28742165334
5296,423302.01882142597
5346,423302.01882142597
4723,428216.28742165334
417,423302.01882142597
15756,423302.01882142597
14090,423302.01882142597
14778,423302.01882142597
2560,428216.28742165334
12920,427583.172889524
8249,428216.28742165334
7125,428216.28742165334
11732,428216.28742165334
13365,428216.28742165334
5361,423302.01882142597
15937,423302.01882142597
2591,428216.28742165334
15706,428216.28742165334
2105,423302.01882142597
7220,423302.01882142597
14562,423302.01882142597
6836,428216.28742165334
8180,423302.01882142597
4695,428216.28742165334
5783,423302.01882142597
4780,428216.28742165334
12504,423302.01882142597
